357
358
359
360
361
362
364
365
367
369
370
372
373
375
377
378
379
380
382
383
385
387
388
390
391
396
397
398
399
400
776
777
780
871
873
877
879
880
883
884
885
887
889
890
891
892
966
967
968
1065
1066
1067
1069
1070
1072
1073
1074
1075
1076
1077
1078
1080
1081
1082
1083
1084
1085
1086
1087
1089
1090
1091
1092
1093
1094
1095
1096
1097
1098
1099
1100
1101
1102
1103
1104
1105
1106
1107
1108
1109
1110
1111
1112
1113
1115
1116
1117
1118
1119
1120
1121
1122
1123
1124
1125
1126
1127
1129
1132
1133
1135
1137
1138
1155
1156
1161
1164
1165
1169
1170
1173
1175
1176
1177
1178
1179
1181
1182
1183
1184
1186
1188
1189
1190
1191
1192
1193
1195
1196
1198
1199
1820
1821
1822
1823
1824
1825
1826
1827
1828
1829
1830
1831
1832
1833
1834
1835
1836
1837
1838
1839
1841
1842
1843
1844
1845
1846
1847
1848
1849
1850
1851
1921
1922
1923
1924
1925
1926
1927
1928
1929
1930
1931
1932
1933
1934
1935
1936
1937
1938
1939
1940
1941
969
970
971
972
973
974
975
976
977
978
979
980
981
982
983
984
985
