TREE	Fam001A	Fam001B	FamMg3A	FamMg3B	Fam018A	Fam018B	Tet403A	Tet403B	TetE02A	TetE02B	TetMC4A	TetMC4B	TetMC5A	TetMC5B	Hex406A	Hex406B	Hex402A	Hex402B	HexA05A	HexA05B	HexH03A	HexH03B
357	119	121	178	192	244	246	106	142	173	183	221	228	231	235	93	95	132	146	198	200	249	251
358	119	119	178	194	244	246	104	104	173	173	221	222	231	231	93	97	134	146	194	200	283	283
359	119	121	194	194	244	246	122	124	183	183	222	228	235	235	93	95	142	148	198	200	257	297
360	119	119	178	194	246	246	104	142	161	173	221	226	231	235	95	97	134	142	194	200	283	295
361	117	119	178	194	244	246	102	142	167	183	221	222	231	235	93	93	142	142	194	194	283	283
362	119	119	178	194	244	246	104	104	167	183	222	222	231	235	93	93	142	146	194	198	283	295
364	117	119	194	194	244	246	104	142	145	161	222	226	231	231	95	97	134	142	194	198	261	295
365	117	119	176	194	244	244	104	104	173	183	222	226	231	231	93	97	142	148	198	198	257	295
367	119	121	186	194	246	246	104	122	183	183	221	222	231	235	95	95	134	136	198	198	283	295
369	117	117	178	204	244	246	104	106	183	183	222	228	231	231	93	95	132	142	198	198	271	295
370	119	127	178	194	244	246	104	104	167	183	222	222	231	231	93	97	142	146	198	198	271	283
372	117	119	178	194	244	246	104	142	145	183	222	222	231	231	93	97	142	146	194	198	283	295
373	117	119	194	206	244	244	104	104	183	187	221	222	231	235	95	97	132	146	194	198	271	283
375	117	117	178	204	244	246	104	104	183	183	221	221	231	231	95	95	142	142	198	198	283	283
377	117	119	178	178	246	246	104	142	145	183	222	222	231	235	93	97	142	146	194	194	287	295
378	119	119	178	178	244	246	102	104	167	169	222	222	231	231	93	95	142	142	198	198	271	287
379	119	121	186	194	246	246	104	122	145	183	221	222	231	235	95	97	134	146	194	200	283	295
380	117	119	178	204	244	246	104	104	169	183	221	226	231	231	95	95	134	142	194	198	271	271
382	119	119	178	190	244	244	104	124	173	173	221	221	231	231	97	97	146	146	198	198	289	289
383	119	119	178	190	244	246	104	124	169	173	221	222	231	231	95	97	142	142	198	198	271	283
385	119	119	178	178	244	246	104	104	169	183	222	226	231	231	95	95	134	142	198	198	271	283
387	119	119	178	190	244	244	104	124	167	173	221	221	231	231	97	97	142	146	198	198	271	289
388	119	119	178	190	244	244	104	124	167	173	221	221	231	231	97	97	142	142	198	198	271	289
390	119	119	190	190	244	244	104	104	167	167	221	221	231	231	97	97	142	142	198	198	271	271
391	117	119	186	194	244	246	122	142	145	183	222	222	231	235	95	97	136	142	194	200	283	295
396	117	121	178	186	244	246	104	104	145	183	221	222	231	235	93	95	134	146	194	200	295	295
397	119	119	178	178	244	246	102	102	183	183	221	222	231	235	93	93	142	142	194	198	287	287
398	119	119	178	178	244	246	104	104	183	183	222	222	231	235	93	93	142	142	194	194	287	287
399	119	119	178	178	244	246	102	104	183	183	221	222	231	235	93	93	142	142	198	198	283	283
400	119	119	178	178	244	246	102	102	167	183	221	222	231	231	93	93	142	142	198	198	283	287
871	117	119	178	194	244	244	104	104	183	183	222	222	231	231	93	97	142	148	198	198	295	295
873	119	119	178	178	246	246	102	104	167	167	221	222	235	235	93	93	142	142	198	198	283	287
966	117	119	178	204	244	246	106	112	183	183	221	228	231	235	95	95	132	132	198	198	257	271
967	119	119	178	178	244	246	104	104	167	183	228	228	231	231	95	97	132	136	198	198	259	259
968	119	119	178	190	244	246	104	124	167	183	221	228	231	231	97	97	132	146	198	198	259	289
1065	119	119	178	194	246	246	104	104	167	183	222	222	231	231	97	97	142	142	198	198	257	283
1066	119	119	178	194	246	246	104	104	183	183	221	222	231	231	97	97	142	142	198	198	257	283
1067	119	119	194	194	246	246	104	104	167	183	221	222	231	231	97	97	142	142	198	198	257	283
1069	117	119	178	178	244	244	104	104	183	185	221	221	231	231	97	97	132	146	198	200	261	261
1070	117	119	178	178	244	244	106	106	167	167	221	221	231	231	95	95	118	146	200	200	263	263
1072	119	119	178	178	244	244	104	142	183	183	221	226	231	231	95	97	142	146	198	198	257	283
1073	109	119	178	206	244	244	104	104	173	183	221	221	231	231	93	93	136	146	198	200	249	263
1074	117	119	178	178	244	244	142	142	183	183	221	221	231	231	97	97	132	146	200	200	257	257
1075	117	119	178	178	244	244	104	104	183	185	221	221	231	231	95	97	146	146	198	200	257	257
1076	119	119	178	178	244	244	104	142	183	185	221	221	231	231	95	95	132	136	200	200	257	261
1077	117	119	178	178	244	244	104	142	183	183	221	221	231	231	95	97	132	136	198	198	261	261
1078	117	119	178	178	244	244	104	142	167	185	221	221	231	231	95	95	132	132	200	200	257	261
1080	117	119	178	178	244	244	104	104	185	185	221	221	231	231	95	97	132	146	198	200	257	261
1081	117	119	178	178	244	244	104	142	183	185	221	221	231	231	95	97	132	146	198	200	257	261
1082	119	119	178	178	244	246	104	104	167	183	221	222	231	231	93	95	132	142	194	200	261	283
1083	117	117	178	178	244	244	104	142	183	183	221	221	231	231	95	97	146	146	198	200	257	261
1084	119	119	178	178	244	244	142	142	183	183	221	221	231	231	97	97	132	146	198	200	257	261
1085	119	119	176	178	244	244	104	104	167	167	221	221	231	231	93	93	146	146	198	200	257	261
1086	119	119	176	178	244	244	104	104	173	173	221	221	231	231	93	93	146	146	198	200	263	263
1087	119	119	176	206	244	244	104	110	173	183	221	221	231	231	93	93	146	146	200	200	249	261
1089	119	119	206	206	246	246	122	142	173	187	221	226	231	235	95	97	142	142	198	198	259	259
1090	119	119	178	178	244	246	104	104	167	183	221	221	231	231	95	97	136	142	198	200	261	283
1091	109	119	178	178	244	244	104	104	173	173	221	221	231	231	93	93	136	146	198	200	261	263
1092	119	119	178	206	246	246	110	122	173	173	221	222	231	231	93	95	118	142	198	200	251	295
1093	119	119	178	194	244	246	104	122	183	187	221	222	231	235	93	95	136	146	200	200	263	295
1094	119	119	178	190	244	246	104	124	167	173	221	221	231	231	97	97	142	142	198	198	257	289
1095	117	119	178	192	246	246	104	110	167	173	221	221	235	235	95	95	132	146	198	202	263	271
1096	119	119	178	178	246	246	104	104	167	183	221	221	231	231	97	97	142	142	198	198	257	283
1097	119	119	194	194	246	246	104	104	167	167	221	221	231	231	97	97	142	142	198	198	257	283
1098	119	119	178	178	244	246	104	104	173	183	221	221	231	231	95	97	142	146	198	198	257	271
1099	119	121	178	194	244	246	104	104	173	187	221	222	231	235	95	97	142	146	200	200	257	271
1100	119	119	178	186	246	246	104	104	173	183	221	222	231	231	95	97	134	136	198	198	257	295
1101	117	117	178	192	246	246	110	110	173	173	221	221	235	235	95	95	132	146	202	202	263	271
1102	119	119	178	178	246	246	104	104	173	183	221	221	231	231	97	97	136	142	198	198	257	283
1103	117	121	178	192	244	246	104	112	183	183	222	228	231	231	93	93	132	142	198	198	271	283
1104	119	119	190	190	246	246	104	124	177	185	226	226	235	235	93	97	132	132	198	200	251	261
1105	117	119	178	194	246	246	104	104	183	183	221	221	231	231	95	97	142	142	198	198	271	283
1106	119	119	178	204	246	246	104	104	173	183	221	221	231	231	95	95	132	142	194	198	271	283
1107	119	119	192	194	246	246	104	104	167	173	221	222	231	235	95	95	136	146	200	202	257	263
1108	119	119	178	190	244	244	104	124	173	173	221	221	231	231	97	97	142	146	198	198	271	271
1109	117	119	178	204	244	246	104	104	173	173	221	221	231	231	95	95	132	132	198	198	271	271
1110	117	119	190	190	244	246	124	124	173	185	221	226	235	235	93	93	132	146	198	198	251	257
1111	119	119	204	204	244	244	124	142	187	187	221	221	231	231	97	97	132	132	198	198	251	257
1112	119	119	190	204	244	244	104	124	173	187	221	228	231	235	93	93	132	146	198	202	261	289
1113	117	117	178	178	246	246	104	104	173	183	221	221	231	235	95	95	142	146	198	198	263	283
1115	109	119	206	206	244	246	102	142	167	183	221	226	231	231	95	97	136	142	194	198	271	283
1116	119	129	200	206	244	246	104	124	175	185	221	222	231	231	97	101	132	146	198	198	251	261
1117	119	119	178	194	244	246	104	142	145	183	221	222	231	235	93	97	118	142	198	198	257	283
1118	119	119	178	194	246	246	104	104	167	183	221	222	231	231	95	95	134	142	198	200	283	295
1119	119	119	194	194	244	244	104	104	173	173	222	222	231	235	97	97	134	134	198	200	283	283
1120	117	119	178	178	244	244	104	116	167	183	221	222	231	235	95	97	132	142	194	198	261	283
1121	119	119	178	178	244	246	102	104	183	183	221	222	231	231	93	97	142	142	194	198	283	283
1122	119	119	190	190	244	244	104	124	167	167	221	221	231	231	97	97	142	142	198	198	271	289
1123	119	119	178	190	244	244	104	124	173	183	221	222	231	235	93	97	142	142	198	198	283	289
1124	119	119	178	178	244	244	124	124	167	167	221	221	231	231	97	97	142	146	198	198	271	289
1125	119	119	178	178	244	244	104	124	173	183	221	226	231	231	95	97	142	146	198	198	283	289
1126	119	119	178	206	244	244	104	124	167	175	228	228	231	235	95	101	134	134	198	202	271	275
1127	119	119	178	190	244	244	104	124	167	173	221	221	231	231	97	97	146	146	198	198	271	289
1129	119	119	178	194	244	246	104	104	167	173	221	222	231	235	97	97	134	136	198	200	283	283
1132	119	119	186	194	246	246	104	104	183	183	221	222	231	235	95	95	136	136	198	200	283	283
1133	119	119	178	178	244	246	104	110	167	183	221	222	231	231	93	95	132	136	198	198	251	283
1135	119	119	178	178	244	246	104	104	167	173	221	222	231	235	97	97	136	146	198	200	257	271
1137	117	117	192	192	244	244	112	112	183	183	228	228	235	235	93	93	132	132	198	198	251	271
1138	117	119	178	206	246	246	104	112	169	185	221	222	231	231	95	95	144	146	200	200	257	295
1155	119	125	194	204	246	246	106	106	183	183	226	228	231	231	93	95	132	136	198	198	259	271
1156	119	119	178	178	246	246	104	116	183	183	221	221	231	235	97	97	142	142	198	198	257	257
1161	119	119	178	206	244	244	104	112	167	183	221	226	231	235	95	97	142	146	194	198	257	269
1164	117	119	178	194	244	246	104	142	145	183	222	222	231	231	95	97	136	146	198	200	283	295
1165	109	117	176	194	246	246	104	142	167	183	221	222	231	235	93	97	136	142	194	200	261	283
1169	119	121	186	194	246	246	104	122	183	183	221	222	231	235	95	95	134	136	198	198	283	283
1170	117	119	178	204	244	246	104	104	183	183	221	221	231	231	95	95	142	142	194	194	271	283
1173	117	119	178	194	244	246	104	104	183	183	221	222	231	231	93	97	142	142	198	198	287	295
1175	117	119	204	204	246	246	104	104	173	183	221	221	231	231	95	95	132	142	198	198	271	271
1176	119	121	186	186	246	246	104	122	183	183	222	222	231	235	95	95	134	136	198	200	295	295
1177	119	121	186	194	246	246	104	122	183	183	221	222	231	235	95	95	134	136	198	200	283	295
1178	119	121	186	186	246	246	122	122	183	183	221	221	231	235	95	95	134	136	198	198	283	295
1179	119	119	178	178	244	246	104	104	167	167	221	222	235	235	93	93	142	142	194	198	283	287
1181	119	121	194	194	246	246	104	122	183	183	221	221	231	235	95	95	134	136	200	200	295	295
1182	119	119	178	178	246	246	102	104	167	183	222	222	231	231	93	93	142	142	198	198	283	287
1183	119	121	186	186	246	246	104	122	183	183	221	222	231	231	95	95	136	136	198	200	283	295
1184	119	121	186	194	246	246	122	122	183	183	221	222	235	235	95	95	136	136	198	200	283	295
1186	119	119	178	190	244	244	104	104	167	173	221	221	231	231	97	97	142	146	198	198	271	289
1188	119	119	178	190	244	244	124	124	167	173	221	221	231	231	97	97	142	146	198	198	271	289
1189	117	119	178	204	244	246	104	104	173	183	221	221	231	231	95	95	132	142	194	198	271	283
1190	119	121	186	194	246	246	104	104	183	183	221	222	231	235	95	95	134	136	200	200	283	295
1191	117	119	194	204	244	246	104	112	183	183	222	228	231	235	93	97	132	136	198	198	261	271
1192	119	119	178	178	244	244	102	102	167	167	221	221	231	235	93	93	142	142	194	194	287	287
1193	119	121	186	194	246	246	104	122	183	183	221	221	231	231	95	95	134	136	200	200	283	283
1195	119	119	178	178	244	246	102	102	167	167	221	221	231	235	93	93	142	142	194	194	283	287
1196	119	119	178	178	244	246	102	104	167	167	222	222	231	235	93	93	142	142	198	198	287	287
1198	117	119	178	206	244	244	106	110	161	173	221	228	231	231	93	95	132	144	194	198	257	281
1199	117	119	178	178	244	244	142	142	183	183	221	221	231	231	95	97	132	146	200	200	257	261
1820	119	119	178	204	244	246	110	116	173	183	221	226	235	235	93	107	132	132	198	200	249	287
1821	119	119	176	178	244	244	104	104	173	173	221	221	231	231	93	93	136	146	198	200	261	263
1822	119	119	178	194	244	246	122	142	145	183	222	222	231	231	93	95	134	146	194	198	283	295
1823	109	119	178	178	244	246	104	104	173	173	221	221	231	231	93	93	136	136	198	200	263	263
1824	117	119	178	178	244	244	142	142	183	183	221	221	231	231	95	95	132	136	198	198	261	261
1825	117	119	178	206	244	244	104	124	167	183	221	221	231	235	93	95	132	132	198	198	251	257
1826	119	119	178	194	246	246	104	104	183	187	222	228	231	235	93	97	142	146	198	198	257	257
1827	119	119	178	194	246	246	104	104	183	183	221	222	231	231	97	97	142	142	198	198	257	283
1828	119	119	178	194	246	246	104	104	167	183	221	222	231	231	97	97	142	142	198	198	257	283
1829	119	119	178	194	246	246	104	104	167	183	221	221	231	231	97	97	142	142	198	198	257	283
1830	117	121	178	178	244	246	104	104	183	187	221	222	235	235	93	95	142	146	198	200	257	257
1831	119	119	178	194	244	246	104	122	173	183	221	222	231	231	95	97	136	146	198	200	271	295
1832	119	119	178	178	244	244	106	142	145	187	221	222	231	235	93	97	118	142	198	198	283	283
1833	119	121	178	194	246	246	104	122	173	183	222	222	231	235	95	95	136	142	198	200	257	295
1834	119	119	178	178	244	246	104	104	167	173	221	222	231	231	97	97	136	142	198	198	257	289
1835	119	127	178	206	246	246	104	104	159	173	221	222	231	231	95	95	134	136	198	198	257	295
1836	109	119	178	178	244	246	104	104	173	173	221	222	231	231	93	97	136	136	198	200	257	261
1837	119	119	178	178	244	246	104	124	173	183	221	221	231	231	97	97	142	146	198	198	257	289
1838	119	127	192	206	244	244	106	110	167	173	221	221	231	231	93	95	132	146	198	200	259	283
1839	119	119	178	206	244	246	104	118	167	183	221	222	231	231	97	101	142	144	198	198	257	275
1841	119	119	178	178	244	246	104	104	167	167	221	222	231	231	93	97	142	144	194	200	257	283
1842	109	119	176	176	244	246	104	104	173	173	221	221	231	231	93	93	136	146	200	200	261	263
1843	119	119	178	178	244	246	104	116	183	183	221	221	231	235	97	97	132	142	198	198	257	261
1844	117	119	178	194	244	246	104	104	145	183	222	222	231	231	93	95	136	142	194	200	283	283
1845	121	121	186	194	246	246	122	122	183	183	221	222	231	235	95	95	136	136	198	198	283	283
1846	119	119	178	178	244	244	102	104	145	183	221	222	231	231	93	97	142	146	194	198	287	295
1847	121	121	186	194	246	246	104	122	183	183	222	222	235	235	95	95	136	136	200	200	283	295
1848	119	121	186	186	246	246	104	122	183	183	222	222	231	235	95	95	134	136	198	198	283	283
1849	119	119	190	190	244	244	104	124	173	173	221	221	231	231	97	97	146	146	198	198	271	289
1850	119	121	186	194	246	246	104	104	183	183	221	221	235	235	95	95	136	136	198	198	283	283
1851	119	119	190	190	246	246	104	124	177	177	221	221	235	235	93	97	132	132	198	200	251	261
1921	119	119	194	194	246	246	104	104	167	183	221	222	231	231	97	97	142	142	198	198	283	283
1922	117	125	194	194	246	246	104	106	145	183	222	226	231	235	93	95	136	142	198	198	259	283
1923	117	121	194	204	246	246	104	112	183	183	222	228	231	235	93	95	132	146	194	198	251	295
1924	119	119	178	194	244	244	104	142	167	183	222	222	231	235	93	97	142	146	194	198	283	295
1925	109	119	176	178	246	246	104	104	173	183	221	222	231	231	93	97	136	146	198	200	261	271
1926	119	119	178	190	244	244	104	104	173	183	221	222	231	231	93	97	142	146	198	198	289	295
1927	119	119	178	178	244	246	102	104	183	183	221	222	231	235	93	93	142	142	194	198	283	287
1928	117	119	178	194	246	246	122	142	183	183	222	222	231	231	93	95	136	142	198	200	283	283
1929	119	119	178	190	244	244	104	124	167	173	221	221	231	231	97	97	142	146	198	198	271	289
1930	119	119	178	190	244	246	104	124	167	183	221	222	231	231	95	97	134	142	198	198	271	271
1931	119	119	178	178	246	246	104	104	183	183	221	221	231	231	97	97	142	142	198	198	257	257
1932	119	119	178	194	246	246	104	104	167	187	221	221	231	231	93	97	142	146	198	198	261	283
1933	119	119	176	178	244	244	104	104	173	173	221	221	231	231	93	93	136	146	200	200	261	263
1934	119	119	178	194	246	246	104	104	183	183	221	222	231	231	97	97	142	142	198	198	257	257
1935	119	127	186	194	244	246	102	106	153	167	228	228	231	235	93	97	136	142	198	200	257	269
1936	119	119	186	186	246	246	104	104	183	183	221	222	231	231	95	95	134	136	200	200	283	283
1937	119	119	178	178	246	246	104	106	169	187	221	226	231	235	93	95	118	134	198	198	271	283
1938	119	121	178	194	246	246	104	122	183	183	221	221	231	235	95	97	136	136	198	200	271	283
1939	119	119	178	194	246	246	104	104	183	183	221	221	231	231	95	97	142	142	198	198	257	271
1940	119	119	178	190	244	246	104	124	173	183	221	226	231	231	95	97	142	146	198	198	283	289
1941	119	119	178	178	246	246	104	104	183	183	221	221	231	231	97	97	142	142	198	198	257	283
969	117	119	176	178	244	246	104	112	167	183	221	221	231	231	95	97	142	146	198	200	257	271
970	117	119	178	196	244	246	104	112	167	167	221	226	231	235	97	97	132	142	198	198	271	273
971	119	127	192	194	246	246	104	112	167	183	221	226	231	235	95	97	132	136	198	200	273	283
972	119	127	176	192	244	244	106	112	167	173	221	226	231	235	97	101	132	136	194	198	257	273
973	117	119	178	192	244	244	102	104	173	183	226	226	231	231	95	97	132	142	198	198	271	273
974	119	127	196	206	246	246	104	112	167	183	221	228	235	235	97	107	116	116	198	198	261	271
975	119	127	178	192	244	246	112	116	173	173	221	228	231	231	95	97	132	132	198	200	251	261
976	127	127	178	192	244	246	104	112	173	173	221	226	231	235	93	97	132	146	198	198	273	283
977	119	127	194	196	244	246	102	112	167	169	226	228	231	235	95	97	132	132	198	200	271	273
978	119	127	194	196	244	244	102	102	167	173	221	228	231	235	95	97	132	132	194	198	251	261
979	119	127	194	206	244	246	102	116	169	173	221	228	231	231	95	97	132	132	198	200	271	273
980	127	127	178	196	244	246	102	118	167	173	226	228	231	235	97	97	132	132	198	198	261	273
981	117	127	178	192	244	246	102	112	173	183	0	0	231	235	97	97	132	148	198	202	261	271
982	117	119	178	192	244	246	112	116	173	173	221	226	235	235	95	97	132	146	198	198	251	261
983	119	127	178	192	244	244	102	112	173	183	221	226	231	231	93	97	132	142	194	198	273	283
984	117	119	192	196	246	246	102	106	167	173	228	228	231	231	93	97	132	132	198	198	261	273
985	117	119	176	192	244	244	112	112	143	173	221	226	231	235	97	97	132	146	194	198	261	267
S_1	117	119	178	178	244	244	142	142	183	183	221	221	0	0	95	95	132	136	198	198	261	261
S_2	109	119	178	178	244	246	104	104	173	173	221	221	0	0	93	93	136	136	198	200	263	263
S_3	109	119	178	178	244	246	104	104	173	173	221	221	0	0	93	93	136	136	198	200	263	263
S_4	119	127	178	192	244	246	112	116	173	173	221	228	0	0	95	97	132	132	198	200	0	0
S_5	119	119	178	190	244	244	104	104	173	183	221	222	0	0	93	97	142	146	198	198	289	295
S_6	119	119	190	190	244	244	104	124	167	167	221	221	0	0	97	97	142	142	198	198	0	0
S_7	119	121	178	192	244	246	106	142	173	183	221	228	0	0	93	95	132	146	198	200	249	251
S_8	0	0	178	192	244	246	106	142	173	183	221	228	0	0	93	95	132	146	0	0	0	0
S_9	119	121	186	194	246	246	104	122	183	183	221	221	0	0	95	95	134	136	200	200	283	283
S_10	117	119	186	194	244	246	122	142	145	183	222	222	0	0	95	97	136	142	194	200	0	0
S_11	119	119	178	194	246	246	104	104	183	183	221	221	0	0	95	97	142	142	198	198	257	271
S_12	119	119	178	178	244	246	104	104	167	167	221	222	0	0	93	97	142	144	194	200	257	283
S_13	117	119	178	204	244	246	104	104	173	183	221	221	0	0	95	95	132	142	194	198	271	283
S_14	119	119	178	206	244	244	104	112	167	183	221	226	0	0	95	97	142	146	194	198	257	269
S_15	119	119	178	178	244	246	104	124	173	183	221	221	0	0	97	97	142	146	198	198	257	289
S_16	119	119	194	194	246	246	104	104	167	183	221	222	0	0	97	97	142	142	198	198	283	283
S_17	117	119	178	178	244	244	142	142	183	183	221	221	0	0	95	95	132	136	198	198	261	261
S_18	117	119	178	178	244	244	104	142	183	183	221	221	0	0	95	97	132	136	198	198	0	0
S_19	119	127	178	192	244	246	112	116	173	173	221	228	0	0	95	97	132	132	198	200	0	0
S_20	119	127	194	196	244	244	102	102	167	173	221	228	0	0	95	97	132	132	194	198	251	261
S_21	119	119	178	190	244	246	104	124	169	173	221	222	0	0	95	97	142	142	198	198	267	267
S_22	119	119	178	178	246	246	102	102	167	183	222	222	0	0	93	93	142	142	198	198	0	0
S_23	119	119	178	194	246	246	104	104	167	183	222	222	0	0	97	97	142	142	198	198	257	283
S_24	119	119	178	204	244	246	110	116	173	183	221	226	0	0	93	107	132	132	198	200	249	287
S_25	119	119	178	190	244	244	104	124	173	173	221	221	0	0	97	97	146	146	198	198	289	289
S_26	119	119	178	178	244	244	102	104	145	183	221	222	0	0	93	97	142	146	194	198	287	295
S_27	117	119	176	194	244	244	104	104	173	183	222	226	0	0	93	97	142	148	198	198	257	295
S_28	119	119	178	178	244	246	104	116	183	183	221	221	0	0	97	97	132	142	198	198	0	0
S_29	119	119	178	178	246	246	104	104	167	183	221	222	0	0	93	93	142	142	194	198	0	0
S_30	119	121	178	194	246	246	104	122	183	183	221	221	0	0	95	97	136	136	198	200	0	0
S_31	119	119	178	178	244	244	104	124	173	183	221	226	0	0	95	97	142	146	198	198	0	0
S_32	119	119	178	178	246	246	104	104	173	183	221	221	0	0	97	97	136	142	198	198	257	283
S_33	119	119	178	204	246	246	104	104	173	183	221	221	0	0	95	95	132	142	194	198	0	0
S_34	119	119	178	178	246	246	104	106	169	187	221	226	0	0	93	95	118	134	198	198	0	0
S_35	119	119	178	190	244	246	104	124	169	173	221	222	0	0	95	97	142	142	198	198	271	283
S_36	119	119	178	178	246	246	104	106	169	187	221	226	0	0	93	95	118	134	198	198	0	0
S_37	119	129	200	206	244	246	104	124	175	185	221	222	0	0	97	101	132	146	198	198	251	261
S_38	117	121	178	194	246	246	104	122	183	183	222	222	0	0	93	95	134	146	198	198	283	283
S_39	119	119	178	190	244	246	104	124	173	183	221	226	0	0	95	97	142	146	198	198	283	289
S_40	119	119	178	178	246	246	104	106	169	187	221	226	0	0	93	95	118	134	198	198	271	283
S_41	119	121	186	194	246	246	104	122	183	183	221	222	0	0	95	95	134	136	198	200	0	0
S_42	121	121	186	194	246	246	104	122	183	183	222	222	0	0	95	95	136	136	200	200	283	295
S_43	119	119	178	178	246	246	104	106	169	187	221	226	0	0	93	95	118	134	198	198	271	283
S_44	119	119	178	206	244	246	104	110	143	185	228	228	0	0	93	95	134	146	194	198	259	273
S_45	121	121	176	178	244	246	102	102	173	173	221	221	0	0	93	97	132	136	194	198	0	0
S_46	119	121	178	186	244	246	0	0	173	183	222	228	0	0	95	95	134	136	198	200	249	283
S_47	121	121	186	194	246	246	104	122	183	183	222	222	0	0	95	95	136	136	200	200	283	295
S_48	119	119	178	178	244	246	104	116	183	183	221	221	0	0	97	97	132	142	198	198	0	0
S_49	119	119	194	194	246	246	104	104	167	183	221	222	0	0	97	97	142	142	198	198	283	283
S_50	119	119	194	194	246	246	104	104	167	183	221	222	0	0	97	97	142	142	198	198	283	283
S_51	119	129	200	206	244	246	104	124	175	185	221	222	0	0	97	101	132	146	198	198	251	261
S_52	109	119	178	178	244	246	104	104	173	173	221	221	0	0	93	93	136	136	198	200	263	263
S_53	119	119	178	204	244	246	110	116	173	183	221	226	0	0	93	107	132	132	198	200	249	287
S_54	119	119	178	178	244	244	104	142	183	185	221	221	0	0	95	95	132	136	200	200	0	0
S_55	109	119	178	178	244	246	104	104	173	173	221	221	0	0	93	93	136	136	198	200	0	0
S_56	117	119	178	178	244	244	142	142	183	183	221	221	0	0	95	95	132	136	198	198	261	261
S_57	109	119	178	178	244	246	104	104	173	173	221	221	0	0	93	93	136	136	198	200	0	0
S_58	109	119	178	178	244	246	104	104	173	173	221	221	0	0	93	93	136	136	198	200	263	263
S_59	119	127	178	194	244	246	104	104	167	183	222	222	0	0	93	97	142	146	198	198	271	283
S_60	117	119	178	192	244	246	112	116	173	173	221	226	0	0	95	97	132	146	198	198	251	261
S_61	117	119	178	192	244	246	112	116	173	173	221	226	0	0	95	97	132	146	198	198	251	261
S_62	117	119	178	192	244	246	112	116	173	173	221	226	0	0	95	97	132	146	198	198	251	261
S_63	119	127	194	196	244	246	102	112	167	169	226	228	0	0	95	97	132	132	198	200	0	0
S_64	119	127	194	196	244	246	102	112	167	169	226	228	0	0	95	97	132	132	198	200	0	0
S_65	117	119	178	192	244	246	112	116	173	173	221	226	0	0	95	97	132	146	198	198	251	261
S_66	119	119	192	206	244	246	124	142	173	185	221	226	0	0	97	97	132	132	198	198	0	0
S_67	117	121	194	204	246	246	104	112	183	183	222	228	0	0	93	95	132	146	194	198	251	295
S_68	117	119	178	204	244	246	104	104	169	183	221	226	0	0	95	95	134	142	194	198	271	271
S_69	119	119	178	178	244	246	104	116	183	183	221	221	0	0	97	97	132	142	198	198	257	261
S_70	119	121	186	186	246	246	122	122	183	183	221	221	0	0	95	95	134	136	198	198	283	295
S_71	119	121	186	186	246	246	122	122	183	183	221	221	0	0	95	95	134	136	198	198	283	295
S_72	117	119	178	194	246	246	122	142	183	183	222	222	0	0	93	95	136	142	198	200	283	283
S_73	121	121	186	194	246	246	104	122	183	183	222	222	0	0	95	95	136	136	200	200	283	295
S_74	119	119	190	190	244	244	104	124	173	173	221	221	0	0	97	97	146	146	198	198	271	289
S_75	119	121	186	194	246	246	104	104	183	183	221	221	0	0	95	95	136	136	198	198	283	283
S_76	119	119	178	190	244	244	104	104	173	183	221	222	0	0	93	97	142	146	198	198	289	295
S_77	119	119	178	190	244	244	104	104	173	183	221	222	0	0	93	97	142	146	198	198	289	295
S_78	119	119	194	194	246	246	104	104	167	183	221	222	0	0	97	97	142	142	198	198	283	283
S_79	119	119	178	178	244	246	104	104	167	173	221	222	0	0	97	97	136	146	198	200	257	271
S_80	119	121	178	192	244	246	106	142	173	183	221	228	0	0	93	95	132	146	198	200	249	251
S_81	119	119	178	178	244	246	104	104	167	173	221	222	0	0	97	97	136	146	198	200	257	271
S_82	119	119	178	190	244	246	104	124	173	183	221	226	0	0	95	97	142	146	198	198	0	0
S_83	119	119	178	178	244	246	104	104	167	173	221	222	0	0	97	97	136	146	198	200	257	271
S_84	119	121	178	192	244	246	106	142	173	183	221	228	0	0	93	95	132	146	198	200	249	251
S_85	119	121	178	192	244	246	106	142	173	183	221	228	0	0	93	95	132	146	198	200	249	251
S_86	119	121	186	194	246	246	122	122	183	183	221	222	0	0	95	95	136	136	198	200	283	295
S_87	117	119	178	204	244	246	104	104	173	183	221	221	0	0	95	95	132	142	194	198	271	283
S_88	119	119	178	178	244	246	104	116	183	183	221	221	0	0	97	97	132	142	198	198	257	261
S_89	117	119	186	194	244	246	122	142	145	183	222	222	0	0	95	97	136	142	194	200	283	295
S_90	119	119	178	178	244	246	104	110	167	183	221	222	0	0	93	95	132	136	198	198	251	283
S_91	109	119	206	206	244	246	102	142	167	185	221	226	0	0	95	97	136	142	194	198	271	283
S_92	119	121	186	186	246	246	122	122	183	183	221	221	0	0	95	95	134	136	198	198	283	295
S_93	119	119	178	178	244	246	104	104	167	167	221	222	0	0	93	93	142	142	194	198	283	287
S_94	119	119	178	178	244	244	104	124	173	183	221	226	0	0	95	97	142	146	198	198	283	289
S_95	125	125	178	206	244	244	104	124	167	175	228	228	0	0	95	101	132	134	198	202	0	0
S_96	119	119	178	206	244	244	124	124	167	167	228	228	0	0	95	101	134	134	198	202	271	275
S_97	119	119	178	178	244	246	104	124	173	183	221	222	0	0	95	97	142	146	198	198	283	283
S_98	119	119	178	178	244	244	104	124	173	183	221	226	0	0	95	97	142	146	198	198	283	289
S_99	109	119	176	178	244	246	104	104	173	183	221	222	0	0	93	97	136	146	198	200	261	271
S_100	119	119	178	178	246	246	104	106	169	187	221	226	0	0	93	95	118	134	198	198	271	283
S_101	109	119	178	178	244	246	104	104	173	173	221	221	0	0	93	93	136	136	198	200	263	263
S_102	119	119	178	190	244	244	104	124	173	183	221	222	0	0	93	97	142	142	198	198	283	289
S_103	119	119	178	178	244	246	102	104	183	183	221	222	0	0	93	93	142	142	194	198	283	287
S_104	119	119	178	190	244	244	104	104	173	183	221	222	0	0	93	97	142	146	198	198	271	271
S_105	109	119	176	176	246	246	104	104	173	173	221	221	0	0	93	93	136	146	198	198	261	263
S_106	119	119	178	178	244	246	104	104	167	167	222	222	0	0	93	97	142	144	194	200	257	283
S_107	109	119	176	178	246	246	104	142	173	173	221	228	0	0	93	95	132	136	198	198	251	263
S_108	119	119	178	190	244	244	104	124	167	173	221	221	0	0	97	97	142	146	198	198	271	271
S_109	119	119	178	178	244	246	102	102	167	183	222	222	0	0	93	93	142	142	198	198	283	287
S_110	119	119	178	178	244	246	102	102	167	183	222	222	0	0	93	93	142	142	198	198	283	287
S_111	117	121	178	192	244	246	104	112	183	183	222	228	0	0	93	93	132	142	198	198	271	283
S_112	119	119	178	178	0	0	102	104	183	183	221	221	0	0	93	93	134	142	194	198	0	0
S_113	119	119	190	190	244	244	104	104	167	167	221	221	0	0	97	97	142	142	198	198	0	0
S_114	119	119	178	178	244	246	104	104	169	183	222	226	0	0	95	95	134	142	198	198	271	283
S_115	119	119	178	178	244	246	104	106	169	187	221	226	0	0	93	95	118	134	198	198	0	0
S_116	119	119	178	190	244	246	104	124	169	173	221	222	0	0	95	97	142	142	198	198	271	283
S_117	117	125	194	194	246	246	104	106	145	183	222	226	0	0	93	95	136	142	198	198	259	283
S_118	119	119	178	190	244	244	104	124	173	183	222	222	0	0	93	97	142	142	198	198	283	289
S_119	117	119	176	194	244	244	104	104	173	183	222	226	0	0	93	97	142	148	198	198	257	295
S_120	109	119	206	206	244	244	102	142	167	185	221	226	0	0	95	97	136	142	0	0	0	0
S_121	109	119	206	206	244	246	102	142	167	185	221	226	0	0	95	97	136	142	194	198	273	283
S_122	117	119	178	192	246	246	104	110	167	173	221	221	0	0	95	95	132	146	198	202	263	271
S_123	119	119	178	178	246	246	104	106	169	187	221	226	0	0	93	95	118	134	198	198	271	283
S_124	119	119	178	194	244	244	104	142	167	183	222	222	0	0	93	97	142	146	194	198	271	271
S_125	119	121	178	194	246	246	104	122	183	183	221	221	0	0	95	97	136	136	200	200	0	0
S_126	119	119	178	194	244	246	122	142	145	183	222	222	0	0	93	95	134	146	194	198	281	281
S_127	119	119	178	204	246	246	104	104	173	183	221	221	0	0	95	95	132	142	194	198	271	283
S_128	119	119	178	178	246	246	104	106	169	187	221	226	0	0	93	95	118	134	198	198	271	283
S_129	119	119	190	190	246	246	104	124	177	177	221	221	0	0	93	97	132	132	198	200	251	261
S_130	117	119	186	194	244	246	122	142	183	183	222	222	0	0	95	97	136	142	194	200	0	0
S_131	119	119	178	190	244	244	104	104	167	173	221	221	0	0	97	97	142	146	198	198	0	0
S_132	119	119	178	190	244	246	104	124	169	173	221	222	0	0	95	97	142	142	198	198	0	0
S_133	117	117	178	204	244	246	104	104	183	183	221	221	0	0	95	95	142	142	198	198	283	283
S_134	119	119	178	194	244	246	104	104	167	173	221	222	0	0	97	97	134	136	198	200	283	283
S_135	119	119	178	190	244	244	104	124	173	183	221	222	0	0	93	97	142	142	198	198	0	0
S_136	119	119	178	178	244	244	124	124	167	167	221	221	0	0	97	97	142	146	198	198	271	289
S_137	117	119	206	206	244	246	104	106	153	167	226	226	0	0	95	97	132	146	194	200	0	0
S_138	119	119	178	190	244	246	104	124	169	173	221	222	0	0	95	97	142	142	198	198	0	0
S_139	117	119	190	190	244	246	124	124	173	185	221	226	0	0	93	93	132	146	198	198	251	257
S_140	119	119	190	204	244	246	104	124	173	183	221	221	0	0	97	97	146	146	198	198	283	289
S_141	119	119	178	204	244	246	110	116	173	183	221	226	0	0	93	107	0	0	198	200	249	287
S_142	117	119	178	178	244	244	104	104	185	185	221	221	0	0	95	97	132	146	198	200	0	0
S_143	117	119	178	178	244	244	104	142	183	185	221	221	0	0	95	97	132	146	198	200	0	0
S_144	117	119	178	178	244	244	104	104	185	185	221	221	0	0	95	97	132	146	198	200	0	0
S_145	117	119	178	178	244	244	106	106	167	167	221	221	0	0	95	95	118	146	200	200	263	263
S_146	117	119	178	178	244	244	104	104	185	185	221	221	0	0	95	97	132	146	198	200	257	261
S_147	117	119	178	178	244	244	106	106	167	167	221	221	0	0	95	95	118	146	200	200	263	263
S_148	117	119	178	178	244	244	104	104	185	185	221	221	0	0	95	97	132	146	198	200	0	0
S_149	117	119	178	178	244	244	104	142	183	185	221	221	0	0	95	97	132	146	198	200	257	261
S_150	117	119	178	178	244	244	104	142	183	185	221	221	0	0	95	97	132	146	198	200	257	261
S_151	117	119	178	178	244	244	104	142	183	185	221	221	0	0	95	97	132	146	198	200	257	261
S_152	119	119	178	178	244	246	104	104	167	183	221	221	0	0	95	97	136	142	198	200	0	0
S_153	119	119	178	178	244	246	104	104	167	167	221	222	0	0	93	97	142	144	194	200	257	283
S_154	109	117	176	194	246	246	104	142	167	183	221	222	0	0	93	97	136	142	194	200	261	283
S_155	119	119	178	178	246	246	104	116	183	183	221	221	0	0	97	97	142	142	198	198	257	257
S_156	119	119	178	178	244	246	102	102	167	167	221	221	0	0	93	93	142	142	194	194	283	287
S_157	119	119	178	178	244	244	102	102	167	167	221	221	0	0	93	93	142	142	194	194	287	287
S_158	119	119	178	178	244	246	104	104	167	173	221	222	0	0	97	97	136	146	198	200	0	0
S_159	117	117	192	192	244	244	112	112	183	183	228	228	0	0	93	93	132	132	198	198	0	0
S_160	0	0	178	178	244	244	104	142	183	185	221	221	0	0	95	95	132	136	200	200	257	261
S_161	119	119	178	178	244	246	104	104	167	183	221	221	0	0	95	97	136	142	198	200	0	0
S_162	119	119	178	178	244	246	104	104	167	183	221	222	0	0	97	97	136	142	198	200	0	0
S_163	119	119	178	178	244	246	104	104	167	183	221	221	0	0	95	97	136	142	198	200	0	0
S_164	119	119	178	178	244	246	104	104	167	183	221	221	0	0	95	97	136	142	198	200	0	0
S_165	117	119	178	204	244	246	106	112	183	183	221	228	0	0	95	95	132	132	198	198	257	271
S_166	109	119	178	178	244	244	104	104	173	173	221	221	0	0	93	93	136	146	198	200	261	263
S_167	117	119	178	194	244	244	104	104	183	183	222	222	0	0	93	97	142	148	198	198	295	295
S_168	117	119	178	178	244	244	104	104	183	185	221	221	0	0	95	97	146	146	198	200	0	0
S_169	119	119	178	178	244	246	104	104	167	167	221	222	0	0	93	97	142	144	194	200	257	283
S_170	117	119	178	178	244	244	104	142	183	183	221	221	0	0	95	97	132	136	198	198	261	261
S_171	117	119	178	178	244	244	104	104	183	185	221	221	0	0	95	97	146	146	198	200	0	0
S_172	117	119	178	178	244	244	104	104	183	185	221	221	0	0	95	97	146	146	198	200	0	0
S_173	119	119	178	178	244	244	104	142	183	185	221	221	0	0	95	95	132	136	200	200	0	0
S_174	109	119	178	178	244	244	104	104	173	173	221	221	0	0	93	93	136	146	198	200	261	263
S_175	117	119	178	178	244	244	106	106	167	167	221	221	0	0	95	95	118	146	200	200	263	263
S_176	109	119	178	178	244	244	104	104	173	173	221	221	0	0	93	93	136	146	198	200	261	263
S_177	119	119	176	178	244	244	104	104	173	173	221	221	0	0	93	93	146	146	198	200	263	263
S_178	117	119	178	194	244	244	104	104	183	183	222	222	0	0	93	97	142	148	198	198	295	295
S_179	119	119	178	206	244	244	104	112	167	183	221	226	0	0	95	97	142	146	194	198	257	269
S_180	117	119	178	178	244	244	142	142	183	183	221	221	0	0	97	97	132	146	200	200	257	257
S_181	117	119	178	178	244	244	142	142	183	183	221	221	0	0	97	97	132	146	200	200	257	257
S_182	117	119	178	178	244	244	142	142	183	183	221	221	0	0	95	95	132	136	198	198	261	261
S_183	119	119	178	178	244	244	104	142	183	185	221	221	0	0	95	95	132	136	200	200	0	0
S_184	117	119	178	178	244	244	142	142	183	183	221	221	0	0	97	97	132	146	200	200	257	257
S_185	119	119	186	194	246	246	104	104	183	183	221	222	0	0	95	95	136	136	198	200	283	283
S_186	119	119	178	190	244	246	104	124	167	183	221	222	0	0	95	97	134	142	198	198	271	271
S_187	119	119	178	190	244	244	104	124	173	173	221	221	0	0	97	97	146	146	198	198	289	289
S_188	119	119	186	194	246	246	104	104	183	183	221	222	0	0	95	95	136	136	198	200	0	0
S_189	0	0	186	194	246	246	104	104	183	183	221	222	0	0	95	95	136	136	198	200	283	283
S_190	119	119	178	190	244	244	104	124	173	173	221	221	0	0	97	97	146	146	198	198	289	289
S_191	119	119	178	190	244	246	104	124	167	183	221	222	0	0	95	97	134	142	198	198	0	0
S_192	119	119	186	194	246	246	104	104	183	183	221	222	0	0	95	95	136	136	198	200	283	283
S_193	119	119	178	190	244	244	104	124	173	173	221	221	0	0	97	97	146	146	198	198	289	289
S_194	119	119	186	194	246	246	104	104	183	183	221	222	0	0	95	95	136	136	198	200	283	283
S_195	119	119	178	190	244	246	104	124	167	183	221	222	0	0	95	97	134	142	198	198	271	271
S_196	119	119	178	178	244	246	104	104	167	167	221	222	0	0	93	93	142	142	194	198	283	287
S_197	119	119	178	190	244	244	104	124	173	173	221	221	0	0	97	97	146	146	198	198	289	289
S_198	119	119	186	194	246	246	104	104	183	183	221	222	0	0	95	95	136	136	198	200	0	0
S_199	119	119	178	190	244	244	104	124	173	173	221	221	0	0	97	97	146	146	198	198	289	289
S_200	119	119	178	178	244	246	104	104	167	167	221	222	0	0	93	93	142	142	194	198	283	287
S_201	119	119	178	178	244	246	104	104	167	167	221	222	0	0	93	93	142	142	194	198	0	0
S_202	119	119	178	178	244	246	104	104	167	167	221	222	0	0	93	93	142	142	194	198	283	287
S_203	0	0	178	190	244	246	104	124	167	183	221	222	0	0	95	97	134	142	198	198	271	271
S_204	119	119	0	0	244	246	104	124	167	183	221	222	0	0	95	97	134	142	198	198	271	271
S_205	119	119	178	190	244	246	104	124	167	183	221	222	0	0	95	97	134	142	198	198	0	0
S_206	119	119	178	190	244	246	104	124	167	183	221	222	0	0	95	97	134	142	198	198	0	0
S_207	119	121	186	194	246	246	122	122	183	183	221	222	0	0	95	95	136	136	198	200	283	295
S_208	119	119	178	178	244	246	104	104	167	167	221	222	0	0	93	93	142	142	194	198	283	287
S_209	119	121	194	194	246	246	104	122	183	183	221	221	0	0	95	95	134	136	200	200	295	295
S_210	119	121	186	186	246	246	104	122	183	183	221	222	0	0	95	95	136	136	198	200	283	295
S_211	119	119	178	178	244	244	102	102	167	167	221	221	0	0	93	93	142	142	194	194	287	287
S_212	117	119	194	204	244	246	104	112	183	183	222	228	0	0	93	97	132	136	198	198	261	271
S_213	119	119	178	178	246	246	102	104	167	183	222	222	0	0	93	93	142	142	198	198	283	287
S_214	117	119	194	204	244	246	104	112	183	183	222	228	0	0	93	97	132	136	198	198	261	271
S_215	119	121	186	186	246	246	104	122	183	183	221	222	0	0	95	95	136	136	198	200	0	0
S_216	119	119	178	178	244	246	104	110	167	183	221	222	0	0	93	95	132	136	198	198	251	283
S_217	119	121	186	186	246	246	104	122	183	183	221	222	0	0	95	95	136	136	198	200	0	0
S_218	119	121	186	194	246	246	104	122	183	183	221	221	0	0	95	95	134	136	200	200	283	283
S_219	119	119	178	178	246	246	102	104	167	183	222	222	0	0	93	93	142	142	198	198	283	287
S_220	121	0	186	194	246	246	104	122	183	183	221	221	0	0	95	95	134	136	200	200	283	283
S_221	119	121	186	186	246	246	104	122	183	183	221	222	0	0	95	95	136	136	198	200	0	0
S_222	119	121	194	194	246	246	104	122	183	183	221	221	0	0	95	95	134	136	200	200	295	295
S_223	119	121	186	186	246	246	104	122	183	183	221	222	0	0	95	95	136	136	198	200	0	0
S_224	119	121	186	186	246	246	104	122	183	183	221	222	0	0	95	95	136	136	198	200	283	295
S_225	119	121	186	194	246	246	104	122	183	183	221	221	0	0	95	95	134	136	200	200	283	283
S_226	119	121	186	186	246	246	104	122	183	183	221	222	0	0	95	95	136	136	198	200	0	0
S_227	119	119	178	194	244	244	104	142	167	183	222	222	0	0	93	97	142	146	194	198	283	295
S_228	117	119	176	178	244	244	0	0	173	182	222	222	0	0	93	93	142	146	196	198	0	0
S_229	117	119	178	192	246	246	104	104	173	183	0	0	0	0	93	93	136	142	198	200	0	0
S_230	119	119	178	194	244	244	104	142	167	183	222	222	0	0	93	97	142	146	194	198	283	295
S_231	117	119	176	178	246	246	104	104	0	0	221	221	0	0	97	101	134	142	200	202	0	0
S_232	119	119	0	0	246	246	104	104	173	183	222	222	0	0	93	97	134	146	196	198	0	0
S_233	119	119	178	194	244	244	104	142	167	183	222	222	0	0	93	97	142	146	194	198	283	295
S_234	119	119	178	194	244	244	104	142	167	183	222	222	0	0	93	97	142	146	194	198	283	295
S_235	119	119	178	194	244	244	104	142	167	183	222	222	0	0	93	97	142	146	194	198	283	295
S_236	117	125	194	194	246	246	104	106	145	183	222	226	0	0	93	95	136	142	198	198	259	283
S_237	117	125	194	194	246	246	104	106	145	183	222	226	0	0	93	95	136	142	198	198	259	283
S_238	117	119	194	194	244	246	0	0	182	182	222	222	0	0	95	97	134	146	198	199	0	0
S_239	117	121	194	204	246	246	104	112	183	183	222	228	0	0	93	95	132	146	194	198	251	295
S_240	0	0	178	178	244	244	0	0	173	173	221	221	0	0	0	0	134	134	198	199	0	0
S_241	117	117	192	192	244	244	112	112	183	183	228	228	0	0	93	93	132	132	198	198	251	271
S_242	0	0	178	178	244	246	0	0	183	183	0	0	0	0	97	97	132	132	198	198	0	0
S_243	117	117	192	192	244	244	112	112	183	183	228	228	0	0	93	93	132	132	198	198	251	271
S_244	117	117	192	192	244	244	112	112	183	183	228	228	0	0	93	93	132	132	198	198	251	271
S_245	117	117	192	192	244	244	112	112	183	183	228	228	0	0	93	93	132	132	198	198	251	271
S_246	117	117	178	178	244	246	0	0	173	183	221	221	0	0	93	97	132	132	198	198	0	0
S_247	117	117	178	178	246	246	104	112	169	185	0	0	0	0	97	97	132	134	198	198	0	0
S_248	117	117	192	192	244	244	112	112	183	183	228	228	0	0	93	93	132	132	198	198	251	271
S_249	117	119	178	190	244	246	0	0	168	168	228	228	0	0	97	97	142	142	200	200	0	0
S_250	117	119	178	178	244	244	112	112	159	183	221	222	0	0	97	97	134	134	198	200	0	0
S_251	117	117	192	192	244	244	112	112	183	183	228	228	0	0	93	93	132	132	198	198	251	271
S_252	117	117	192	192	244	244	112	112	183	183	228	228	0	0	93	93	132	132	198	198	251	271
S_253	117	119	178	206	246	246	104	112	169	185	221	222	0	0	95	95	144	146	200	200	257	295
S_254	0	0	178	178	244	246	0	0	173	183	0	0	0	0	93	97	132	132	198	200	0	0
S_255	117	117	192	192	244	246	112	112	183	183	228	228	0	0	97	97	132	132	198	198	251	271
S_256	117	117	192	192	244	244	112	112	183	183	228	228	0	0	93	93	132	132	198	198	251	271
S_257	117	119	178	206	246	246	104	112	169	185	221	222	0	0	95	95	144	146	200	200	257	295
S_258	117	117	192	192	244	244	112	112	183	183	228	228	0	0	93	93	132	132	198	198	251	271
S_259	117	119	178	206	246	246	104	112	169	185	221	222	0	0	95	95	144	146	200	200	257	295
S_260	117	119	178	206	246	246	104	112	169	185	221	222	0	0	95	95	144	146	200	200	257	295
S_261	117	119	178	206	246	246	104	112	169	185	221	222	0	0	95	95	144	146	200	200	257	295
S_262	119	119	0	0	244	244	112	112	159	183	0	0	0	0	97	97	132	132	0	0	0	0
S_263	117	117	192	192	244	244	112	112	183	183	228	228	0	0	93	93	132	132	198	198	251	271
S_264	119	119	178	206	244	244	104	112	167	183	221	226	0	0	95	97	142	146	194	198	257	269
S_265	117	119	176	194	244	244	104	104	173	183	222	226	0	0	93	97	142	148	198	198	257	295
S_266	119	121	178	192	244	246	106	142	173	183	221	228	0	0	93	95	132	146	198	200	249	251
S_267	117	119	176	194	244	244	104	104	173	183	222	226	0	0	93	97	142	148	198	198	257	295
S_268	119	119	176	178	244	244	104	104	173	173	221	221	0	0	93	93	136	146	198	200	261	263
S_269	117	119	186	194	246	246	0	0	159	183	0	0	0	0	95	95	134	134	0	0	0	0
S_270	117	119	176	194	244	244	104	104	173	183	222	226	0	0	93	97	142	148	198	198	257	295
S_271	119	119	95	95	244	246	0	0	173	173	222	222	0	0	97	97	138	146	196	200	0	0
S_272	117	119	176	194	244	244	104	104	173	183	222	226	0	0	93	97	142	148	198	198	257	295
S_273	117	119	176	194	244	244	104	104	173	183	222	226	0	0	93	97	142	148	198	198	257	295
S_274	119	127	178	192	244	244	102	112	173	183	221	226	0	0	93	97	132	142	194	198	273	283
S_275	119	119	178	178	244	244	102	104	145	183	221	222	0	0	93	97	142	146	194	198	287	295
S_276	117	119	178	194	246	246	122	142	183	183	222	222	0	0	93	95	136	142	198	200	283	283
S_277	117	119	178	194	246	246	122	142	183	183	222	222	0	0	93	95	136	142	198	200	283	283
S_278	121	121	186	194	246	246	104	122	183	183	222	222	0	0	95	95	136	136	200	200	283	295
S_279	119	127	178	192	244	244	102	112	173	183	221	226	0	0	93	97	132	142	194	198	273	283
S_280	119	119	178	178	244	244	102	104	145	183	221	222	0	0	93	97	142	146	194	198	287	295
S_281	121	121	186	194	246	246	104	122	183	183	222	222	0	0	95	95	136	136	200	200	283	295
S_282	117	119	178	194	246	246	122	142	183	183	222	222	0	0	93	95	136	142	198	200	283	283
S_283	119	119	178	178	244	244	102	104	145	183	221	222	0	0	93	97	142	146	194	198	287	295
S_284	117	119	178	194	246	246	122	142	183	183	222	222	0	0	93	95	136	142	198	200	283	283
S_285	117	119	176	194	244	244	104	122	173	183	222	222	0	0	93	97	142	142	196	198	0	0
S_286	117	119	178	194	246	246	122	142	183	183	222	222	0	0	93	95	136	142	198	200	283	283
S_287	119	119	178	178	244	244	102	104	145	183	221	222	0	0	93	97	142	146	194	198	287	295
S_288	117	119	178	178	244	246	102	104	169	183	221	226	0	0	99	99	134	134	204	204	0	0
S_289	117	119	178	178	244	246	122	142	0	0	221	221	0	0	95	95	134	142	202	202	0	0
S_290	121	121	186	194	246	246	104	122	183	183	222	222	0	0	95	95	136	136	200	200	283	295
S_291	109	119	176	178	246	246	104	104	173	183	221	222	0	0	93	97	136	146	198	200	261	271
S_292	0	0	178	190	244	244	0	0	173	183	222	226	0	0	93	97	132	136	198	198	0	0
S_293	0	0	176	194	244	244	104	142	183	183	0	0	0	0	93	97	142	142	198	198	0	0
S_294	109	119	176	178	246	246	104	104	173	183	221	222	0	0	93	97	136	146	198	200	261	271
S_295	119	119	178	194	244	244	104	142	167	183	222	222	0	0	93	97	142	146	194	198	283	295
S_296	119	119	178	194	244	244	104	142	167	183	222	222	0	0	93	97	142	146	194	198	283	295
S_297	109	119	176	178	246	246	104	104	173	183	221	222	0	0	93	97	136	146	198	200	261	271
S_298	0	0	176	190	244	244	0	0	173	183	222	226	0	0	93	97	142	148	196	198	0	0
S_299	0	0	178	190	244	246	0	0	173	173	0	0	0	0	99	99	142	142	198	200	0	0
S_300	117	119	176	194	244	244	104	104	173	183	222	226	0	0	93	97	142	148	198	198	257	295
S_301	0	0	178	178	244	244	0	0	173	183	222	222	0	0	93	93	142	142	198	198	0	0
S_302	109	119	176	178	246	246	104	104	173	183	221	222	0	0	93	97	136	146	198	200	261	271
S_303	0	0	178	190	244	244	0	0	173	183	222	222	0	0	93	97	136	142	198	198	0	0
S_304	0	0	176	176	244	244	0	0	173	183	222	222	0	0	93	97	146	146	198	198	0	0
S_305	119	119	178	194	244	244	104	142	167	183	222	222	0	0	93	97	142	146	194	198	283	295
S_306	117	119	178	178	244	244	142	142	183	183	221	221	0	0	97	97	132	146	200	200	257	257
S_307	119	119	176	178	244	244	104	104	167	167	221	221	0	0	93	93	146	146	198	200	257	261
S_308	117	119	178	178	244	244	142	142	183	183	221	221	0	0	97	97	132	146	200	200	257	257
S_309	119	119	178	178	244	244	102	102	167	167	221	221	0	0	93	93	142	142	194	194	287	287
S_310	117	119	194	204	244	246	104	112	183	183	222	228	0	0	93	97	132	136	198	198	261	271
S_311	119	119	178	178	244	244	102	102	167	167	221	221	0	0	0	0	142	142	194	194	287	287
S_312	0	0	178	206	246	246	108	108	0	0	221	221	0	0	93	93	144	152	198	198	0	0
S_313	119	119	176	176	244	246	106	106	183	183	221	228	0	0	97	97	132	132	198	198	257	295
S_314	117	119	194	204	244	246	104	112	183	183	222	228	0	0	93	97	132	136	198	198	261	271
S_315	119	119	178	178	244	246	102	102	167	167	221	221	0	0	93	93	142	142	194	194	283	287
S_316	119	119	178	178	244	244	104	112	183	183	222	228	0	0	0	0	132	136	198	198	261	271
S_317	119	119	178	178	244	246	102	102	167	167	221	221	0	0	93	93	142	142	194	194	283	287
S_318	117	119	178	194	246	246	122	142	183	183	222	222	0	0	93	95	136	142	198	200	283	283
S_319	121	121	186	194	246	246	104	122	183	183	222	222	0	0	95	95	136	136	200	200	283	295
S_320	0	0	178	178	0	0	104	116	0	0	222	222	0	0	95	97	118	146	200	200	0	0
S_321	121	121	194	204	246	246	104	104	183	183	221	221	0	0	95	97	136	136	198	198	0	0
S_322	121	121	186	194	246	246	104	122	183	183	222	222	0	0	95	95	136	136	200	200	283	295
S_323	121	121	186	194	246	246	104	122	183	183	222	222	0	0	95	95	136	136	200	200	283	295
S_324	117	119	178	194	246	246	122	142	183	183	222	222	0	0	93	95	136	142	198	200	283	283
S_325	121	121	186	194	246	246	104	122	183	183	222	222	0	0	95	95	136	136	200	200	0	0
S_326	119	119	204	204	244	244	124	142	187	187	221	221	0	0	97	97	132	132	198	198	251	257
S_327	121	121	194	194	244	244	104	104	173	183	222	222	0	0	95	95	136	136	200	200	283	295
S_328	0	0	178	194	244	244	122	142	183	183	222	222	0	0	95	95	136	136	200	200	0	0
S_329	119	119	204	204	244	244	124	142	187	187	221	221	0	0	97	97	132	132	198	198	251	257
S_330	121	121	186	194	246	246	104	122	183	183	222	222	0	0	95	95	136	136	200	200	283	295
S_331	119	119	178	178	244	244	102	104	145	183	0	0	0	0	93	97	142	146	194	198	287	295
S_332	121	121	186	194	246	246	104	122	183	183	222	222	0	0	95	95	136	136	200	200	283	295
S_333	121	121	0	0	246	246	104	122	183	183	222	222	0	0	95	95	136	136	200	200	283	295
S_334	119	121	178	192	244	246	102	104	183	183	221	221	0	0	93	95	142	146	194	194	0	0
S_335	119	119	178	190	244	244	104	104	173	183	221	222	0	0	93	97	142	146	198	198	289	295
S_336	119	121	194	194	244	244	102	104	0	0	221	222	0	0	95	95	142	146	200	200	251	251
S_337	119	119	204	204	244	244	124	142	187	187	221	221	0	0	97	97	132	132	198	198	251	257
S_338	119	119	178	190	244	244	104	104	173	183	221	222	0	0	93	97	142	146	198	198	289	295
S_339	119	119	178	190	244	244	104	104	173	183	221	222	0	0	93	97	142	146	198	198	289	295
S_340	121	121	186	194	246	246	122	122	183	183	221	222	0	0	95	95	136	136	198	198	0	0
S_341	0	0	178	190	244	244	104	104	173	183	221	222	0	0	93	97	142	146	198	198	289	295
S_342	121	121	186	194	246	246	122	122	183	183	221	222	0	0	95	95	136	136	198	198	283	283
S_343	109	119	178	190	244	244	102	122	173	173	221	221	0	0	95	95	142	146	0	0	0	0
S_344	119	119	178	190	244	244	104	104	173	183	221	222	0	0	93	97	142	146	198	198	289	295
S_345	121	121	186	194	246	246	122	122	183	183	221	222	0	0	95	95	136	136	198	198	283	283
S_346	121	121	176	204	244	246	110	112	145	167	221	221	0	0	97	97	138	144	194	198	255	259
S_347	119	127	178	192	244	244	102	112	173	183	221	226	0	0	0	0	132	142	194	198	0	0
S_348	121	121	186	194	246	246	122	122	183	183	221	222	0	0	95	95	136	136	198	198	283	283
S_349	119	127	192	194	246	246	104	112	167	183	221	226	0	0	95	97	132	136	198	200	0	0
S_350	121	121	186	194	246	246	122	122	183	183	221	222	0	0	95	95	136	136	198	198	283	283
S_351	117	119	194	206	244	244	104	104	183	187	221	222	0	0	95	97	132	146	194	198	271	283
S_352	119	125	176	176	246	246	0	0	185	185	221	221	0	0	93	93	134	148	194	198	257	257
S_353	117	119	178	178	244	244	104	104	183	185	221	221	0	0	97	97	132	146	198	200	0	0
S_354	121	121	186	194	246	246	122	122	183	183	221	222	0	0	95	95	136	0	0	198	283	283
S_355	117	119	176	194	244	244	104	104	173	183	222	226	0	0	93	97	142	148	198	198	257	295
S_356	121	121	186	194	0	0	122	122	183	183	221	222	0	0	0	0	136	136	198	198	0	0
S_357	109	119	176	178	246	246	104	104	173	183	221	222	0	0	93	97	136	146	198	200	0	0
S_358	117	119	178	194	244	246	104	104	145	183	222	222	0	0	93	95	136	142	194	200	283	283
S_359	109	119	176	178	246	246	104	104	173	183	221	222	0	0	93	97	136	146	198	200	261	271
S_360	119	119	176	206	224	224	102	104	18	183	221	228	0	0	93	97	138	142	200	200	0	0
S_361	0	0	178	194	244	246	104	104	145	183	222	222	0	0	93	95	136	142	194	200	283	283
S_362	109	119	176	178	246	246	104	104	173	183	221	222	0	0	93	97	136	146	198	200	0	0
S_363	119	119	204	206	244	246	104	106	143	175	226	228	0	0	97	97	144	146	198	198	249	249
S_364	109	119	176	178	246	246	104	104	173	183	221	222	0	0	93	97	136	146	198	200	261	271
S_365	117	119	178	194	244	246	104	104	145	183	0	0	0	0	93	95	136	142	194	200	0	0
S_366	117	119	178	194	244	246	104	142	145	183	222	222	0	0	93	97	142	146	194	198	283	295
S_367	0	0	176	178	246	246	0	0	173	183	221	222	0	0	93	97	136	146	198	200	261	271
S_368	117	119	178	194	244	246	104	104	145	183	222	222	0	0	93	95	136	142	194	200	0	0
S_369	117	125	194	194	246	246	104	106	145	183	222	226	0	0	93	95	136	142	198	198	259	283
S_370	109	119	176	178	246	246	104	104	173	183	221	222	0	0	93	97	136	146	198	200	261	271
S_371	119	121	186	194	246	246	104	122	183	183	221	222	0	0	95	95	134	136	198	198	283	295
S_372	117	119	0	0	246	246	106	112	167	177	0	0	0	0	95	95	132	134	194	198	251	269
S_373	119	121	186	194	246	246	104	122	183	183	221	222	0	0	95	95	134	136	198	198	283	283
S_374	119	121	186	186	246	246	122	122	183	183	221	221	0	0	95	95	134	136	198	198	0	0
S_375	119	119	178	178	244	244	102	102	167	167	221	221	0	0	93	93	142	142	194	194	287	287
S_376	119	119	178	178	244	244	102	102	167	167	221	221	0	0	93	93	142	142	194	194	287	287
S_377	119	119	178	178	244	244	102	102	167	167	221	221	0	0	93	93	142	142	194	194	287	287
S_378	117	119	194	204	244	246	104	112	183	183	222	228	0	0	93	97	132	136	198	198	261	271
S_379	117	119	176	194	244	244	104	104	173	183	222	226	0	0	93	97	142	148	198	198	257	295
S_380	117	119	176	194	244	244	104	104	173	183	222	226	0	0	93	97	142	148	198	198	257	295
S_381	119	119	178	190	244	244	104	104	173	183	221	222	0	0	93	97	142	146	198	198	289	295
S_382	117	119	178	204	244	246	106	112	183	183	221	228	0	0	95	95	132	132	198	198	257	271
S_383	119	119	178	178	244	246	104	104	167	173	221	222	0	0	97	97	136	146	198	200	257	271
S_384	117	119	178	204	244	246	106	112	183	183	221	228	0	0	95	95	132	132	198	198	0	0
S_385	119	119	178	178	244	246	104	104	167	173	221	222	0	0	97	97	136	146	198	200	257	271
S_386	0	0	178	204	244	246	106	112	183	183	221	228	0	0	95	95	132	132	198	198	0	0
S_387	117	119	178	204	244	0	0	112	183	183	221	228	0	0	95	95	132	132	198	198	257	271
S_388	117	119	178	204	244	246	104	104	167	173	221	222	0	0	0	0	136	146	198	200	0	0
S_389	119	119	176	206	244	244	106	110	161	183	221	228	0	0	93	97	132	132	194	198	251	257
S_390	0	0	178	178	244	246	104	104	167	173	221	222	0	0	97	97	136	146	198	200	257	271
S_391	109	129	176	176	224	224	102	128	153	167	221	222	0	0	93	93	116	148	194	198	0	0
S_392	119	119	194	194	246	246	104	104	153	153	221	221	0	0	0	0	136	136	198	198	269	283
S_393	119	127	176	192	244	244	106	112	167	173	221	226	0	0	97	101	132	136	194	198	257	273
S_394	119	119	178	178	244	246	104	104	167	173	221	222	0	0	97	97	136	146	198	200	257	271
S_395	117	119	178	178	246	246	104	142	145	183	0	0	0	0	93	97	142	142	194	194	0	287
S_396	119	119	178	194	244	246	104	104	167	173	0	0	0	0	97	97	134	142	198	198	0	0
S_397	0	0	178	0	246	246	104	104	161	173	0	0	0	0	95	97	134	142	0	0	283	283
S_398	119	119	178	194	244	246	104	122	173	183	222	222	0	0	95	97	136	146	198	200	0	0
S_399	117	121	194	204	246	246	104	112	183	183	222	228	0	0	93	95	132	146	194	198	0	0
S_400	117	119	178	194	244	244	102	104	167	183	222	222	0	0	93	93	142	142	194	198	285	289
S_401	119	119	178	178	244	246	104	116	183	183	221	222	0	0	97	97	132	132	198	198	0	0
S_402	0	0	0	0	244	246	122	124	183	183	0	0	0	0	93	95	0	142	198	198	0	0
S_403	119	119	178	190	244	244	104	104	173	183	221	222	0	0	93	97	142	146	198	198	0	0
S_404	119	119	178	190	244	244	104	124	167	173	221	221	0	0	97	97	142	146	198	198	271	289
S_406	119	127	192	194	244	244	104	116	167	173	221	228	0	0	95	97	132	146	198	200	0	0
S_407	0	0	178	192	244	246	112	116	173	173	221	226	0	0	95	97	132	0	198	198	0	0
S_410	0	0	178	0	244	246	106	0	173	183	221	228	0	0	95	97	132	134	200	200	0	0
S_411	119	119	178	190	244	244	104	104	173	183	221	222	0	0	93	97	142	146	198	198	0	0
S_412	109	119	194	194	244	244	104	142	167	183	222	222	0	0	93	97	142	144	194	198	0	0
S_413	0	0	178	204	244	246	104	104	183	183	221	221	0	0	95	95	142	142	198	198	0	0
S_414	109	109	176	176	246	246	104	104	173	173	221	221	0	0	93	93	136	146	198	198	263	263
S_415	109	109	176	176	246	246	104	104	173	173	221	221	0	0	93	93	136	146	198	198	263	263
S_416	119	119	178	178	244	246	104	104	167	167	221	222	0	0	93	97	142	144	194	200	0	0
S_417	0	0	178	192	244	246	106	142	173	183	221	228	0	0	93	95	132	146	198	200	0	0
S_418	119	121	186	194	246	246	104	122	183	183	221	221	0	0	95	95	134	136	200	200	0	0
S_419	119	121	186	194	246	246	104	122	183	183	221	221	0	0	95	95	134	136	200	200	0	0
S_420	119	121	186	194	246	246	104	122	183	183	221	221	0	0	95	95	134	136	200	200	0	0
S_421	117	119	186	194	244	246	122	142	145	183	222	222	0	0	95	97	136	142	194	200	0	0
S_422	117	119	186	194	244	246	122	142	145	183	222	222	0	0	95	97	136	142	194	200	0	0
S_423	117	119	186	194	244	246	122	142	145	183	222	222	0	0	95	97	136	142	194	200	0	0
S_424	117	119	178	204	244	246	104	104	173	183	221	221	0	0	95	95	132	142	194	198	0	0
S_425	121	121	178	204	244	246	104	104	169	183	221	226	0	0	95	95	134	142	194	198	0	0
S_426	117	119	178	204	244	246	104	104	169	183	221	226	0	0	95	95	134	142	194	198	0	0
S_427	119	119	178	178	244	246	104	116	183	183	221	221	0	0	97	97	132	142	198	198	257	261
S_428	119	119	178	178	244	246	104	116	183	183	221	221	0	0	97	97	132	142	198	198	257	261
S_429	0	0	178	190	0	0	104	124	173	183	221	221	0	0	93	97	142	142	198	198	0	0
S_431	117	119	194	206	244	244	104	104	183	187	221	222	0	0	95	97	132	146	194	198	0	0
S_432	119	119	190	190	246	246	104	124	177	177	221	221	0	0	93	97	132	132	198	200	251	261
S_433	119	119	190	190	246	246	104	124	177	177	221	221	0	0	93	97	132	132	198	200	251	261
S_434	119	119	190	190	246	246	104	124	177	177	221	221	0	0	93	97	132	132	198	200	251	261
S_435	119	121	178	178	244	244	104	104	167	167	221	221	0	0	97	97	134	142	198	198	0	0
S_436	117	121	178	194	244	246	104	122	167	183	222	222	0	0	93	95	134	146	198	198	0	0
S_437	117	119	178	204	244	246	104	104	169	183	221	226	0	0	95	95	134	142	194	198	271	271
S_438	119	119	178	178	244	246	102	104	183	183	221	222	0	0	93	93	142	142	194	198	0	0
S_439	119	121	178	178	244	244	104	124	173	183	221	221	0	0	97	97	142	142	198	200	0	0
S_440	117	119	178	194	246	246	104	104	161	183	221	0	0	0	95	95	136	142	198	198	0	0
S_442	117	119	178	186	246	246	110	142	183	183	222	228	0	0	93	97	132	142	194	198	0	251
S_443	119	121	186	194	246	246	104	122	183	183	221	221	0	0	95	95	134	136	200	200	0	0
S_444	119	119	178	190	244	244	124	124	173	173	221	221	0	0	97	97	142	146	198	198	271	271
S_445	119	119	190	190	246	246	104	124	177	177	221	221	0	0	93	97	132	132	198	200	251	261
S_446	119	119	190	190	246	246	104	124	177	177	221	221	0	0	93	97	132	132	198	200	251	261
S_447	109	119	176	194	244	246	104	104	167	173	221	222	0	0	93	97	136	146	194	198	0	0
S_448	119	119	200	200	244	246	104	124	175	185	221	222	0	0	97	101	132	132	198	198	0	0
S_450	119	119	178	194	246	246	104	104	167	183	222	222	0	0	97	97	142	142	198	198	0	0
S_451	117	119	178	206	244	244	104	124	167	183	221	222	0	0	93	95	132	132	198	198	0	0
S_452	119	119	206	206	246	246	122	142	173	187	221	226	0	0	95	97	142	142	198	198	0	0
S_453	109	119	178	178	244	246	104	104	173	173	221	221	0	0	93	93	136	136	198	200	0	0
S_454	117	119	178	206	244	244	104	124	167	183	221	221	0	0	93	95	132	132	198	198	0	0
S_455	119	119	178	186	246	246	104	122	183	183	221	222	0	0	95	95	136	136	198	198	0	0
S_456	109	119	178	178	244	246	104	104	173	173	221	221	0	0	93	93	136	136	198	200	0	0
S_457	119	119	178	178	244	244	142	142	183	183	221	221	0	0	95	95	132	136	198	198	0	0
S_458	0	0	178	178	244	244	142	142	183	183	221	221	0	0	95	95	132	136	198	198	0	0
S_459	109	119	178	178	244	246	104	104	173	173	221	221	0	0	93	93	136	136	198	200	0	0
S_460	117	119	178	178	244	244	142	142	183	183	221	221	0	0	95	95	132	136	198	198	0	0
S_461	109	119	178	178	244	246	104	104	173	173	221	221	0	0	93	93	136	136	198	200	0	0
S_462	109	119	206	206	244	246	102	142	167	185	221	226	0	0	95	97	136	142	194	198	0	0
S_463	119	119	194	194	246	246	104	104	167	183	221	222	0	0	97	97	142	142	198	198	0	0
S_464	119	119	178	178	244	246	104	104	183	183	0	0	0	0	93	93	142	142	194	194	0	0
S_465	119	119	178	178	246	246	104	106	169	187	221	226	0	0	93	95	118	134	198	201	0	0
S_466	121	121	186	194	246	246	104	122	173	183	222	222	0	0	95	95	136	136	200	200	0	0
S_467	119	121	178	194	246	246	104	122	183	183	221	222	0	0	95	97	136	136	198	200	0	0
S_468	119	119	178	190	244	244	104	104	173	183	222	222	0	0	93	97	142	146	198	198	0	0
