CL	776	129	129	192	194	244	246	102	102	173	173	231	231	97	101	132	136	198	198	221	221	257	257
CL	777	121	121	176	204	244	246	110	112	145	167	231	235	97	97	138	144	194	198	221	221	255	259
CL	780	117	119	176	206	244	244	116	142	161	183	235	235	93	97	132	146	198	200	221	221	257	291
CL	877	119	127	194	206	244	246	104	110	183	187	231	235	93	97	132	146	194	198	228	228	257	257
CL	879	119	127	176	206	246	246	106	110	183	183	231	235	97	97	142	148	198	198	228	228	283	295
CL	880	119	119	176	206	244	246	106	110	183	183	235	235	93	97	132	132	194	198	228	228	251	295
CL	883	117	119	176	206	244	246	112	142	183	183	231	235	93	95	132	134	194	198	221	228	257	269
CL	884	119	127	176	206	244	244	106	142	183	183	235	235	93	97	132	136	198	198	221	221	257	283
CL	885	117	119	206	206	244	246	110	124	161	173	235	235	93	93	132	132	194	194	226	228	257	263
CL	887	109	119	176	206	246	246	104	142	161	187	235	235	95	97	132	132	194	198	226	228	257	263
CL	889	119	119	176	176	244	246	106	106	183	183	235	235	97	97	132	132	198	198	221	228	257	295
CL	890	119	121	176	206	244	246	106	142	173	183	231	235	93	97	132	144	196	198	228	228	251	263
CL	891	119	119	176	206	244	244	106	110	161	183	231	235	93	97	132	132	194	198	221	228	251	257
CL	892	119	121	178	206	244	246	110	142	161	167	231	231	93	95	132	136	194	198	221	221	251	273
CL	CL3	119	119	176	190	244	244	104	106	161	173	231	235	93	95	132	148	194	200	226	226	259	259
CL	CL6	113	113	176	176	244	246	104	124	173	173	231	235	97	101	134	146	196	198	226	228	271	285
CL	CL778	119	125	176	176	246	246	124	124	185	185	231	231	93	93	134	148	194	198	221	221	257	257
CL	CL876	119	127	176	176	244	244	106	106	183	183	235	235	97	101	136	136	198	198	221	221	257	257
CL	CL878	119	127	176	176	244	246	106	106	183	183	235	235	97	97	132	132	198	198	221	228	295	295
CL	CL886	119	127	178	206	244	244	106	142	167	183	231	235	93	101	118	146	198	198	221	221	257	283
CL	CL888	119	127	176	206	244	246	106	142	161	183	235	235	93	101	118	136	198	198	221	221	257	257
CL	NM1	119	119	194	194	246	246	104	104	153	153	235	235	93	97	136	136	198	198	221	221	269	283
CL	NM2	117	119	206	206	244	246	106	142	161	185	231	235	93	95	118	134	194	198	221	226	257	269
CL	NM3	127	127	176	178	244	244	106	106	183	183	235	235	97	97	136	136	198	198	221	221	257	283
CM	701	109	119	178	178	244	246	102	102	173	173	231	231	97	97	132	132	198	198	222	226	283	283
CM	702	121	127	178	194	244	244	102	102	161	175	231	231	97	97	132	132	198	198	221	226	259	271
CM	703	121	127	178	194	244	244	102	102	175	175	231	231	97	97	132	132	198	198	226	226	259	259
CM	704	109	109	176	178	244	246	102	102	173	175	231	231	97	97	132	132	198	198	226	226	281	281
CM	705	109	119	176	178	244	246	102	104	173	175	231	231	97	97	132	132	198	198	222	226	281	283
CM	706	109	119	176	178	246	246	102	102	173	173	231	231	97	97	132	132	198	198	222	226	281	283
CM	707	109	109	178	178	244	244	102	104	173	175	231	231	97	97	132	132	198	198	222	226	281	283
CM	708	109	109	176	178	244	246	102	104	175	175	231	231	97	97	132	132	198	198	222	226	281	283
CM	709	121	121	178	178	244	244	102	102	161	175	231	231	97	97	132	146	198	198	226	226	259	271
CM	711	109	119	178	192	246	246	102	102	161	177	231	231	97	97	132	144	198	198	221	221	271	273
CM	712	117	119	178	194	246	246	102	106	143	185	231	231	93	93	132	144	198	198	221	226	269	271
CM	715	109	119	178	178	244	246	104	104	175	175	231	231	97	97	132	132	198	198	222	226	281	283
CM	CM710	109	127	178	178	244	246	102	106	177	185	231	231	93	95	132	144	194	198	221	226	257	273
CM	CM713	117	119	178	204	244	246	102	106	161	167	231	231	93	97	132	144	198	198	221	221	251	273
CM	CMNM1	121	127	178	178	244	246	102	102	175	175	231	231	97	97	146	146	198	198	221	226	271	271
CT	CT1	119	119	204	204	244	246	104	104	175	175	235	235	97	97	144	144	198	198	226	226	249	249
CT	CT10	117	117	204	206	244	246	104	104	175	175	231	231	97	97	144	146	198	198	226	228	249	249
CT	CT4	117	119	204	206	244	246	104	106	143	175	231	235	97	97	144	146	198	198	226	228	249	249
CT	CT6	117	117	204	204	244	244	106	106	175	175	235	235	97	97	134	146	200	200	226	226	249	249
CT	CT7	117	117	204	204	244	244	106	106	175	175	235	235	97	97	146	146	200	200	226	226	249	249
CT	CT8	119	119	204	206	246	246	104	106	143	175	231	231	97	97	144	144	198	198	226	228	249	249
CT	CT9	119	119	204	206	246	246	106	106	143	175	231	235	97	97	144	146	198	198	226	228	249	249
CT	CTNM1	119	119	204	206	244	246	104	106	143	175	231	235	97	97	144	146	198	198	226	228	249	249
CT	CTNM3	117	117	204	204	244	244	106	106	175	175	235	235	97	97	146	146	200	200	226	226	249	249
CT	CTNM4	117	119	204	206	244	246	104	106	175	175	231	231	97	97	144	144	198	198	226	228	249	249
CT	CTNM5	117	117	204	204	244	244	106	106	175	175	235	235	97	97	146	146	200	200	226	226	249	249
CT	CTNM6	117	117	204	204	244	244	106	106	175	175	235	235	97	97	146	146	200	200	226	226	249	249
CT	CTNM7	119	119	204	204	244	246	104	104	143	143	231	231	97	97	144	146	198	198	226	228	249	249
CT	CTNM8	119	119	204	204	244	246	102	106	143	171	233	235	97	97	146	146	194	198	221	226	249	261
NC	357	119	121	178	192	244	246	106	142	173	183	231	235	93	95	132	146	198	200	221	228	249	251
NC	358	119	119	178	194	244	246	104	104	173	173	231	231	93	97	134	146	194	200	221	222	283	283
NC	359	119	121	194	194	244	246	122	124	183	183	235	235	93	95	142	148	198	200	222	228	257	297
NC	360	119	119	178	194	246	246	104	142	161	173	231	235	95	97	134	142	194	200	221	226	283	295
NC	361	117	119	178	194	244	246	102	142	167	183	231	235	93	93	142	142	194	194	221	222	283	283
NC	362	119	119	178	194	244	246	104	104	167	183	231	235	93	93	142	146	194	198	222	222	283	295
NC	364	117	119	194	194	244	246	104	142	145	161	231	231	95	97	134	142	194	198	222	226	261	295
NC	365	117	119	176	194	244	244	104	104	173	183	231	231	93	97	142	148	198	198	222	226	257	295
NC	367	119	121	186	194	246	246	104	122	183	183	231	235	95	95	134	136	198	198	221	222	283	295
NC	369	117	117	178	204	244	246	104	106	183	183	231	231	93	95	132	142	198	198	222	228	271	295
NC	370	119	127	178	194	244	246	104	104	167	183	231	231	93	97	142	146	198	198	222	222	271	283
NC	372	117	119	178	194	244	246	104	142	145	183	231	231	93	97	142	146	194	198	222	222	283	295
NC	373	117	119	194	206	244	244	104	104	183	187	231	235	95	97	132	146	194	198	221	222	271	283
NC	375	117	117	178	204	244	246	104	104	183	183	231	231	93	93	142	142	198	198	221	221	283	283
NC	377	117	119	178	178	246	246	104	142	145	183	231	235	93	97	142	146	194	194	222	222	287	295
NC	378	119	119	178	178	244	246	102	104	167	169	231	231	93	95	142	142	198	198	222	222	271	287
NC	379	119	121	186	194	246	246	104	122	145	183	231	235	95	97	134	146	194	200	221	222	283	295
NC	380	117	119	178	204	244	246	104	104	169	183	231	231	93	93	134	142	194	198	221	226	271	271
NC	382	119	119	178	190	244	244	104	124	173	173	231	231	97	97	146	146	198	198	221	221	289	289
NC	383	119	119	178	190	244	246	104	124	169	173	231	231	95	97	142	142	198	198	221	222	271	283
NC	385	119	119	178	178	244	246	104	104	169	183	231	231	95	95	134	142	198	198	222	226	271	283
NC	387	119	119	178	190	244	244	104	124	167	173	231	231	97	97	142	146	198	198	221	221	271	289
NC	388	119	119	178	190	244	244	104	124	167	173	231	231	97	97	142	142	198	198	221	221	271	289
NC	390	119	119	190	190	244	244	104	104	167	167	231	231	97	97	142	142	198	198	221	221	271	271
NC	391	117	119	186	194	244	246	122	142	145	183	231	235	95	97	136	142	194	200	222	222	283	295
NC	396	117	121	178	186	244	246	104	104	145	183	231	235	93	95	134	146	194	200	221	222	295	295
NC	397	119	119	178	178	244	246	102	102	183	183	231	235	93	93	142	142	194	198	221	222	287	287
NC	398	119	119	178	178	244	246	104	104	183	183	231	235	93	93	142	142	194	194	222	222	287	287
NC	399	119	119	178	178	244	246	102	104	183	183	231	235	93	93	142	142	198	198	221	222	283	283
NC	400	119	119	178	178	244	246	102	102	167	183	231	231	93	93	142	142	198	198	221	222	283	287
NC	871	117	119	178	194	244	244	104	104	183	183	231	231	93	97	142	148	198	198	222	222	295	295
NC	873	119	119	178	178	246	246	102	104	167	167	235	235	93	93	142	142	198	198	221	222	283	287
NC	966	117	119	178	204	244	246	106	112	183	183	 - 	 - 	95	95	132	132	198	198	221	228	257	271
NC	967	119	119	178	178	244	246	104	104	167	183	 - 	 - 	95	97	132	136	198	198	228	228	259	259
NC	968	119	119	178	190	244	246	104	124	167	183	 - 	 - 	97	97	132	146	198	198	221	228	259	289
NC	1065	119	119	178	194	246	246	104	104	167	183	231	231	97	97	142	142	198	198	222	222	257	283
NC	1066	119	119	178	194	246	246	104	104	183	183	231	231	97	97	142	142	198	198	221	222	257	283
NC	1067	119	119	194	194	246	246	104	104	167	183	231	231	97	97	142	142	198	198	221	222	257	283
NC	1069	117	119	178	178	244	244	104	104	183	185	231	231	97	97	132	146	198	200	221	221	261	261
NC	1070	117	119	178	178	244	244	106	106	167	167	231	231	95	95	118	146	200	200	221	221	263	263
NC	1072	119	119	178	178	244	244	104	142	183	183	231	231	95	97	142	146	198	198	221	226	257	283
NC	1073	109	119	178	206	244	244	104	104	173	183	231	231	93	93	136	146	198	200	221	221	249	263
NC	1074	117	119	178	178	244	244	142	142	183	183	231	231	97	97	132	146	200	200	221	221	257	257
NC	1075	117	119	178	178	244	244	104	104	183	185	231	231	95	97	146	146	198	200	221	221	257	257
NC	1076	119	119	178	178	244	244	104	142	183	185	231	231	95	95	132	136	200	200	221	221	257	261
NC	1077	117	119	178	178	244	244	104	142	183	183	231	231	95	97	132	136	198	198	221	221	261	261
NC	1078	117	119	178	178	244	244	104	142	167	185	231	231	95	95	132	132	200	200	221	221	257	261
NC	1080	117	119	178	178	244	244	104	104	185	185	231	231	95	97	132	146	198	200	221	221	257	261
NC	1081	117	119	178	178	244	244	104	142	183	185	231	231	95	97	132	146	198	200	221	221	257	261
NC	1082	119	119	178	178	244	246	104	104	167	183	231	231	93	95	132	142	194	200	221	222	261	283
NC	1083	117	117	178	178	244	244	104	142	183	183	231	231	95	97	146	146	198	200	221	221	257	261
NC	1084	119	119	178	178	244	244	142	142	183	183	231	231	97	97	132	146	198	200	221	221	257	261
NC	1085	119	119	176	178	244	244	104	104	167	167	231	231	93	93	146	146	198	200	221	221	257	261
NC	1086	119	119	176	178	244	244	104	104	173	173	231	231	93	93	146	146	198	200	221	221	263	263
NC	1087	119	119	176	206	244	244	104	110	173	183	231	231	93	93	146	146	200	200	221	221	249	261
NC	1089	119	119	206	206	246	246	122	142	173	187	231	235	95	97	142	142	198	198	221	226	259	259
NC	1090	119	119	178	178	244	246	104	104	167	183	231	231	95	97	136	142	198	200	221	221	261	283
NC	1091	109	119	178	178	244	244	104	104	173	173	231	231	93	93	136	146	198	200	221	221	261	263
NC	1092	119	119	178	206	246	246	110	122	173	173	231	231	93	95	118	142	198	200	221	222	251	295
NC	1093	119	119	178	194	244	246	104	122	183	187	231	235	93	95	136	146	200	200	221	222	263	295
NC	1094	119	119	178	190	244	246	104	124	167	173	231	231	97	97	142	142	198	198	221	221	257	289
NC	1095	117	119	178	192	246	246	104	110	167	173	235	235	95	95	132	146	198	202	221	221	263	271
NC	1096	119	119	178	178	246	246	104	104	167	183	231	231	97	97	142	142	198	198	221	221	257	283
NC	1097	119	119	194	194	246	246	104	104	167	167	231	231	97	97	142	142	198	198	221	221	257	283
NC	1098	119	119	178	178	244	246	104	104	173	183	231	231	95	97	142	146	198	198	221	221	257	271
NC	1099	119	121	178	194	244	246	104	104	173	187	231	235	95	97	142	146	200	200	221	222	257	271
NC	1100	119	119	178	186	246	246	104	104	173	183	231	231	95	97	134	136	198	198	221	222	257	295
NC	1101	117	117	178	192	246	246	110	110	173	173	235	235	95	95	132	146	202	202	221	221	263	271
NC	1102	119	119	178	178	246	246	104	104	173	183	231	231	97	97	136	142	198	198	221	221	257	283
NC	1103	117	121	178	192	244	246	104	112	183	183	231	231	93	93	132	142	198	198	222	228	271	283
NC	1104	119	119	190	190	246	246	104	124	177	185	235	235	93	97	132	132	198	200	226	226	251	261
NC	1105	117	119	178	194	246	246	104	104	183	183	231	231	95	97	142	142	198	198	221	221	271	283
NC	1106	119	119	178	204	246	246	104	104	173	183	231	231	95	95	132	142	194	198	221	221	271	283
NC	1107	119	119	192	194	246	246	104	104	167	173	231	235	95	95	136	146	200	202	221	222	257	263
NC	1108	119	119	178	190	244	244	104	124	173	173	231	231	97	97	142	146	198	198	221	221	271	271
NC	1109	117	119	178	204	244	246	104	104	173	173	231	231	95	95	132	132	198	198	221	221	271	271
NC	1110	117	119	190	190	244	246	124	124	173	185	235	235	93	93	132	146	198	198	221	226	251	257
NC	1111	119	119	204	204	244	244	124	142	187	187	231	231	97	97	132	132	198	198	221	221	251	257
NC	1112	119	119	190	204	244	244	104	124	173	187	231	235	93	93	132	146	198	202	221	228	261	289
NC	1113	117	117	178	178	246	246	104	104	173	183	231	235	95	95	142	146	198	198	221	221	263	283
NC	1115	109	119	206	206	244	246	102	142	167	183	231	231	95	97	136	142	194	198	221	226	271	283
NC	1116	119	129	200	206	244	246	104	124	175	185	231	231	97	101	132	146	198	198	221	222	251	261
NC	1117	119	119	178	194	244	246	104	142	145	183	231	235	93	97	118	142	198	198	221	222	257	283
NC	1118	119	119	178	194	246	246	104	104	167	183	231	231	95	95	134	142	198	200	221	222	283	295
NC	1119	119	119	194	194	244	244	104	104	173	173	231	235	97	97	134	134	198	200	222	222	283	283
NC	1120	117	119	178	178	244	244	104	116	167	183	231	235	95	97	132	142	194	198	221	222	261	283
NC	1121	119	119	178	178	244	246	102	104	183	183	231	231	93	97	142	142	194	198	221	222	283	283
NC	1122	119	119	190	190	244	244	104	124	167	167	231	231	97	97	142	142	198	198	221	221	271	289
NC	1123	119	119	178	190	244	244	104	124	173	183	231	235	93	97	142	142	198	198	221	222	283	289
NC	1124	119	119	178	178	244	244	124	124	167	167	231	231	97	97	142	146	198	198	221	221	271	289
NC	1125	119	119	178	178	244	244	104	124	173	183	231	231	95	97	142	146	198	198	221	226	283	289
NC	1126	119	119	178	206	244	244	104	124	167	175	231	235	95	101	134	134	198	202	228	228	271	275
NC	1127	119	119	178	190	244	244	104	124	167	173	231	231	97	97	146	146	198	198	221	221	271	289
NC	1129	119	119	178	194	244	246	104	104	167	173	231	235	97	97	134	136	198	200	221	222	283	283
NC	1132	119	119	186	194	246	246	104	104	183	183	231	235	95	95	136	136	198	200	221	222	283	283
NC	1133	119	119	178	178	244	246	104	110	167	183	231	231	93	95	132	136	198	198	221	222	251	283
NC	1135	119	119	178	178	244	246	104	104	167	173	231	235	97	97	136	146	198	200	221	222	257	271
NC	1137	117	117	192	192	244	244	112	112	183	183	235	235	93	93	132	132	198	198	228	228	251	271
NC	1138	117	119	178	206	246	246	104	112	169	185	231	231	95	95	144	146	200	200	221	222	257	295
NC	1155	119	125	194	204	246	246	106	106	183	183	231	231	93	95	132	136	198	198	226	228	259	271
NC	1156	119	119	178	178	246	246	104	116	183	183	231	235	97	97	142	142	198	198	221	221	257	257
NC	1161	119	119	178	206	244	244	104	112	167	183	231	235	95	97	142	146	194	198	221	226	257	269
NC	1164	117	119	178	194	244	246	104	142	145	183	231	231	95	97	136	146	198	200	222	222	283	295
NC	1165	109	117	176	194	246	246	104	142	167	183	231	235	93	97	136	142	194	200	221	222	261	283
NC	1169	119	121	186	194	246	246	104	122	183	183	231	235	95	95	134	136	198	198	221	222	283	283
NC	1170	117	119	178	204	244	246	104	104	183	183	231	231	95	95	142	142	194	194	221	221	271	283
NC	1173	117	119	178	194	244	246	104	104	183	183	231	231	93	97	142	142	198	198	221	222	287	295
NC	1175	117	119	204	204	246	246	104	104	173	183	231	231	95	95	132	142	198	198	221	221	271	271
NC	1176	119	121	186	186	246	246	104	122	183	183	231	235	95	95	134	136	198	200	222	222	295	295
NC	1177	119	121	186	194	246	246	104	122	183	183	231	235	95	95	134	136	198	200	221	222	283	295
NC	1178	119	121	186	186	246	246	122	122	183	183	231	235	95	95	134	136	198	198	221	221	283	295
NC	1179	119	119	178	178	244	246	104	104	167	167	235	235	93	93	142	142	194	198	221	222	283	287
NC	1181	119	121	194	194	246	246	104	122	183	183	231	235	95	95	134	136	200	200	221	221	295	295
NC	1182	119	119	178	178	246	246	102	104	167	183	231	231	93	93	142	142	198	198	222	222	283	287
NC	1183	119	121	186	186	246	246	104	122	183	183	231	231	95	95	136	136	198	200	221	222	283	295
NC	1184	119	121	186	194	246	246	122	122	183	183	235	235	95	95	136	136	198	200	221	222	283	295
NC	1186	119	119	178	190	244	244	104	104	167	173	231	231	97	97	142	146	198	198	221	221	271	289
NC	1188	119	119	178	190	244	244	124	124	167	173	231	231	97	97	142	146	198	198	221	221	271	289
NC	1189	117	119	178	204	244	246	104	104	173	183	231	231	95	95	132	142	194	198	221	221	271	283
NC	1190	119	121	186	194	246	246	104	104	183	183	231	235	95	95	134	136	200	200	221	222	283	295
NC	1191	117	119	194	204	244	246	104	112	183	183	231	235	93	97	132	136	198	198	222	228	261	271
NC	1192	119	119	178	178	244	244	102	102	167	167	231	235	93	93	142	142	194	194	221	221	287	287
NC	1193	119	121	186	194	246	246	104	122	183	183	231	231	95	95	134	136	200	200	221	221	283	283
NC	1195	119	119	178	178	244	246	102	102	167	167	231	235	93	93	142	142	194	194	221	221	283	287
NC	1196	119	119	178	178	244	246	102	104	167	167	231	235	93	93	142	142	198	198	222	222	287	287
NC	1198	117	119	178	206	244	244	106	110	161	173	231	231	93	95	132	144	194	198	221	228	257	281
NC	1199	117	119	178	178	244	244	142	142	183	183	231	231	95	97	132	146	200	200	221	221	257	261
NC	1820	119	119	178	204	244	246	110	116	173	183	235	235	93	107	132	132	198	200	221	226	249	287
NC	1821	119	119	176	178	244	244	104	104	173	173	231	231	93	93	136	146	198	200	221	221	261	263
NC	1822	119	119	178	194	244	246	122	142	145	183	231	231	93	95	134	146	194	198	222	222	283	295
NC	1823	109	119	178	178	244	246	104	104	173	173	231	231	93	93	136	136	198	200	221	221	263	263
NC	1824	117	119	178	178	244	244	142	142	183	183	231	231	93	93	132	136	198	198	221	221	261	261
NC	1825	117	119	178	206	244	244	104	124	167	183	231	235	93	95	132	132	198	198	221	221	251	257
NC	1826	119	119	178	194	246	246	104	104	183	187	231	235	93	97	142	146	198	198	222	228	257	257
NC	1827	119	119	178	194	246	246	104	104	183	183	231	231	97	97	142	142	198	198	221	222	257	283
NC	1828	119	119	178	194	246	246	104	104	167	183	231	231	97	97	142	142	198	198	221	222	257	283
NC	1829	119	119	178	178	246	246	104	104	167	167	231	231	97	97	142	142	198	198	221	221	257	283
NC	1830	117	121	178	178	244	246	104	104	183	187	235	235	93	95	142	146	198	200	221	222	257	257
NC	1831	119	119	178	194	244	246	104	122	173	183	231	231	95	97	136	146	198	200	221	222	271	295
NC	1832	119	119	178	178	244	244	106	142	145	187	231	235	93	97	118	142	198	198	221	222	283	283
NC	1833	119	121	178	194	246	246	104	122	173	183	231	235	95	95	136	142	198	200	222	222	257	295
NC	1834	119	119	178	178	244	246	104	104	167	173	231	231	97	97	136	142	198	198	221	222	257	289
NC	1835	119	127	178	206	246	246	104	104	159	173	231	231	95	95	134	136	198	198	221	222	257	295
NC	1836	109	119	178	178	244	246	104	104	173	173	231	231	93	97	136	136	198	200	221	222	257	261
NC	1837	119	119	178	178	244	246	104	124	173	183	231	231	97	97	142	146	198	198	221	221	257	289
NC	1838	119	127	192	206	244	244	106	110	167	173	231	231	93	95	132	146	198	200	221	221	259	283
NC	1839	119	119	178	206	244	246	104	118	167	183	231	231	97	101	142	144	198	198	221	222	257	275
NC	1841	119	119	178	178	244	246	104	104	167	167	231	231	93	97	142	144	194	200	221	222	257	283
NC	1842	109	119	176	176	244	246	104	104	173	173	231	231	93	93	136	146	200	200	221	221	261	263
NC	1843	119	119	178	178	244	246	104	116	183	183	231	235	97	97	132	142	198	198	221	221	257	261
NC	1844	117	119	178	194	244	246	104	104	145	183	231	231	93	95	136	142	194	200	222	222	283	283
NC	1845	121	121	186	194	246	246	122	122	183	183	231	235	95	95	136	136	198	198	221	222	283	283
NC	1846	119	119	178	178	244	244	102	104	145	183	231	231	93	97	142	146	194	198	221	222	287	295
NC	1847	121	121	186	194	246	246	104	122	183	183	235	235	95	95	136	136	200	200	222	222	283	295
NC	1848	119	121	186	186	246	246	104	122	183	183	231	235	95	95	134	136	198	198	222	222	283	283
NC	1849	119	119	190	190	244	244	104	124	173	173	231	231	97	97	146	146	198	198	221	221	271	289
NC	1850	119	121	186	194	246	246	104	104	183	183	235	235	95	95	136	136	198	198	221	221	283	283
NC	1851	119	119	190	190	246	246	104	124	177	177	235	235	93	97	132	132	198	200	221	221	251	261
NC	1921	119	119	194	194	246	246	104	104	167	183	231	231	97	97	142	142	198	198	221	222	283	283
NC	1922	117	125	194	194	246	246	104	106	145	183	231	235	93	95	136	142	198	198	222	226	259	283
NC	1923	117	121	194	204	246	246	104	112	183	183	231	235	93	95	132	146	194	198	222	228	251	295
NC	1924	119	119	178	194	244	244	104	142	167	183	231	235	93	97	142	146	194	198	222	222	283	295
NC	1925	109	119	176	178	246	246	104	104	173	183	231	231	93	97	136	146	198	200	221	222	261	271
NC	1926	119	119	178	190	244	244	104	104	173	183	231	231	93	97	142	146	198	198	221	222	289	295
NC	1927	119	119	178	178	244	246	102	104	183	183	231	235	93	93	142	142	194	198	221	222	283	287
NC	1928	117	119	178	194	246	246	122	142	183	183	231	231	93	95	136	142	198	200	222	222	283	283
NC	1929	119	119	178	190	244	244	104	124	167	173	231	231	97	97	142	146	198	198	221	221	271	289
NC	1930	119	119	178	190	244	246	104	124	167	183	231	231	95	97	134	142	198	198	221	222	271	271
NC	1931	119	119	178	178	246	246	104	104	183	183	231	231	97	97	142	142	198	198	221	221	257	257
NC	1932	119	119	178	194	246	246	104	104	167	187	231	231	93	97	142	146	198	198	221	221	261	283
NC	1933	119	119	176	178	244	244	104	104	173	173	231	231	93	93	136	146	200	200	221	221	261	263
NC	1934	119	119	178	194	246	246	104	104	183	183	231	231	97	97	142	142	198	198	221	222	257	257
NC	1935	119	127	186	194	244	246	102	106	153	167	231	235	93	97	136	142	198	200	228	228	257	269
NC	1936	119	119	186	186	246	246	104	104	183	183	231	231	95	95	134	136	200	200	221	222	283	283
NC	1937	119	119	178	178	246	246	104	106	169	187	231	235	93	95	118	134	198	198	221	226	271	283
NC	1938	119	121	178	194	246	246	104	122	183	183	231	235	95	97	136	136	198	200	221	221	271	283
NC	1939	119	119	178	194	246	246	104	104	183	183	231	231	95	97	142	142	198	198	221	221	257	271
NC	1940	119	119	178	190	244	246	104	124	173	183	231	231	95	97	142	146	198	198	221	226	283	289
NC	1941	119	119	178	178	246	246	104	104	183	183	231	231	97	97	142	142	198	198	221	221	257	283
NN	760	119	127	176	176	246	246	104	110	161	161	231	231	95	95	118	118	198	198	221	221	261	261
NN	762	119	119	176	178	246	246	104	124	175	175	231	235	97	97	146	146	198	200	222	222	257	261
NN	763	113	113	176	178	244	246	104	110	143	173	 - 	 - 	95	95	118	118	200	200	221	221	257	257
NN	764	127	127	176	186	244	246	104	110	143	143	 - 	 - 	95	95	146	146	194	198	221	222	261	261
NN	765	119	127	176	176	244	246	104	110	161	161	 - 	 - 	95	95	118	146	194	198	221	222	261	261
NN	766	119	119	176	186	244	246	104	110	143	161	 - 	 - 	95	95	146	146	194	194	221	222	257	257
NN	767	113	113	176	178	244	246	104	110	143	173	 - 	 - 	95	97	118	118	200	200	221	221	257	257
NN	768	119	127	176	186	244	244	104	110	143	161	 - 	 - 	95	95	118	146	194	198	221	222	261	261
NN	770	113	119	178	178	244	246	104	110	173	173	 - 	 - 	95	97	118	132	194	198	221	226	261	269
NN	772	127	127	186	186	244	246	104	110	143	161	 - 	 - 	95	95	118	146	194	198	221	222	257	261
NN	774	119	127	176	186	246	246	104	110	143	143	 - 	 - 	95	95	146	146	194	198	221	222	257	261
NN	775	119	119	176	178	244	246	112	124	161	171	 - 	 - 	95	97	132	144	198	200	221	221	257	259
NN	901	121	127	178	192	244	246	104	104	177	183	 - 	 - 	97	101	118	144	194	202	221	221	265	265
NN	902	121	121	178	178	244	246	104	104	167	183	 - 	 - 	93	97	118	136	194	194	221	221	265	265
NN	903	121	121	178	178	244	244	104	112	183	183	 - 	 - 	93	93	118	118	198	198	221	221	257	265
NN	904	121	121	178	178	244	246	104	104	167	183	 - 	 - 	93	97	136	136	194	198	221	221	265	265
NN	905	121	127	178	178	244	246	104	112	143	183	 - 	 - 	97	101	118	144	194	198	221	221	265	265
NN	906	121	121	178	178	246	246	104	112	167	183	 - 	 - 	93	97	118	118	194	198	221	221	257	265
NN	907	119	119	176	206	244	246	104	104	143	167	 - 	 - 	97	97	136	136	198	198	221	228	255	261
NN	908	127	127	178	210	244	246	104	104	177	177	 - 	 - 	97	101	136	136	198	198	221	221	255	255
NN	909	121	121	178	178	244	246	104	112	167	183	 - 	 - 	93	93	118	136	198	198	221	221	257	265
NN	910	119	127	178	210	244	246	104	104	165	177	 - 	 - 	97	101	136	136	198	198	221	221	255	255
NN	911	119	119	194	206	246	246	106	110	167	167	 - 	 - 	97	97	136	144	198	198	221	226	265	271
NN	912	127	127	178	178	244	246	104	104	165	177	 - 	 - 	97	101	136	136	198	198	221	221	255	255
NN	913	127	127	206	210	244	246	104	112	143	173	 - 	 - 	97	97	118	132	198	198	221	221	251	261
NN	914	119	127	206	210	244	246	104	112	177	177	 - 	 - 	93	93	136	136	198	198	221	228	251	289
NN	915	119	119	178	194	244	244	104	104	167	171	 - 	 - 	95	97	136	136	194	198	221	221	251	257
NN	916	119	119	176	176	244	244	104	104	171	173	 - 	 - 	93	95	144	148	198	198	221	221	281	281
NN	917	127	127	176	176	246	246	104	112	179	179	 - 	 - 	95	97	144	146	194	194	221	221	249	259
NN	918	125	127	176	206	244	246	104	104	167	173	 - 	 - 	93	97	146	148	198	198	221	221	257	257
NN	919	119	125	176	204	244	246	112	112	171	183	 - 	 - 	97	97	136	142	194	200	221	221	257	269
NN	920	125	127	190	206	244	246	104	110	143	167	 - 	 - 	95	97	144	146	194	198	221	221	269	271
NN	921	109	127	178	210	244	246	124	128	153	173	 - 	 - 	95	97	132	146	194	198	222	226	257	257
NN	922	119	119	190	194	244	246	104	124	183	183	 - 	 - 	95	97	118	118	198	200	221	226	257	257
NN	923	109	109	178	190	244	244	104	104	167	183	 - 	 - 	95	95	118	148	198	198	221	222	257	289
NN	924	113	113	178	190	244	246	104	104	153	183	 - 	 - 	97	101	118	134	198	198	222	228	257	269
NN	925	113	113	190	192	244	246	104	104	153	169	 - 	 - 	95	97	118	144	198	198	221	222	257	261
NN	926	119	127	190	206	244	244	102	102	167	173	 - 	 - 	95	97	118	132	194	194	221	221	257	271
NN	927	109	127	178	194	246	246	102	104	143	167	 - 	 - 	93	101	118	136	194	198	222	226	269	271
NN	928	119	121	178	194	244	246	110	110	167	171	 - 	 - 	95	101	134	146	194	198	221	226	263	269
NN	929	125	127	194	206	246	246	104	104	143	167	 - 	 - 	97	101	118	136	194	198	222	226	269	271
NN	930	127	127	190	206	244	246	104	124	143	167	 - 	 - 	97	101	132	148	198	200	221	226	261	269
NN	931	121	121	178	178	246	246	104	104	161	161	 - 	 - 	95	95	136	146	198	200	221	221	261	271
NN	932	119	119	176	204	246	246	104	142	145	153	 - 	 - 	95	95	146	146	194	198	221	221	257	257
NN	933	117	121	176	202	246	246	106	110	143	167	 - 	 - 	95	97	132	144	194	198	221	221	257	295
NN	934	119	119	176	178	246	246	104	104	143	167	 - 	 - 	93	97	132	134	198	198	221	221	251	257
NN	935	119	119	202	206	246	246	104	106	161	161	 - 	 - 	95	97	132	146	198	198	221	221	257	261
NN	936	117	119	176	190	244	246	104	112	161	171	 - 	 - 	95	97	132	134	198	198	221	221	257	269
NN	937	119	121	178	206	244	246	104	104	161	161	 - 	 - 	95	101	136	146	198	198	221	221	261	271
NN	938	119	121	178	206	244	246	104	106	161	161	 - 	 - 	95	101	136	146	198	200	221	221	261	271
NN	939	121	121	178	206	244	246	104	104	161	161	 - 	 - 	101	101	146	146	198	200	221	221	261	271
NN	940	117	117	176	176	246	246	104	104	143	145	 - 	 - 	97	101	146	146	194	194	221	226	261	289
NN	941	117	119	204	206	246	246	104	110	173	183	 - 	 - 	95	95	132	132	198	200	221	221	257	271
NN	942	119	119	176	202	244	246	104	110	143	153	 - 	 - 	97	101	134	146	198	198	221	228	261	261
NN	943	119	119	178	206	244	244	104	104	161	161	 - 	 - 	95	101	136	146	200	200	221	221	261	271
NN	944	119	121	178	206	246	246	104	106	161	161	 - 	 - 	95	101	136	146	198	200	221	221	261	271
NN	945	109	119	176	206	244	246	110	124	165	179	 - 	 - 	95	101	132	148	194	198	221	221	257	269
NN	NN761	127	127	176	186	246	246	110	110	143	161	231	231	95	95	118	146	194	198	221	221	257	257
NN	NN769	119	127	176	186	244	246	104	110	143	161	 - 	 - 	95	95	118	146	194	198	221	222	257	261
NN	NNNM1	119	119	176	178	244	246	110	112	161	161	 - 	 - 	97	97	118	146	198	198	221	221	269	269
NN	NNNM2	119	119	176	186	246	246	104	110	143	161	 - 	 - 	95	95	118	118	198	198	221	222	257	261
NN	NNNM3	119	127	176	186	244	246	104	104	143	161	 - 	 - 	95	95	118	118	194	198	221	222	257	261
NN	NNNM4	119	119	176	186	244	246	104	104	161	161	 - 	 - 	95	95	118	146	198	198	221	222	257	257
NN	NNNM5	113	113	176	178	244	246	104	110	161	185	 - 	 - 	93	97	118	144	200	200	221	221	257	269
NN	NNNM6	119	119	176	178	244	246	104	110	161	173	 - 	 - 	95	95	118	118	194	198	221	221	257	261
RB	CAR3	119	127	204	206	244	244	104	110	173	173	231	235	95	95	136	144	198	198	221	226	257	295
RB	CAR5	127	127	186	186	244	244	104	104	161	161	235	235	101	101	116	116	194	198	226	226	261	269
RB	CAR6	127	127	186	194	244	244	104	104	143	143	231	231	95	101	116	116	198	198	226	226	261	269
RB	R7	127	127	186	194	244	244	104	104	161	161	235	235	95	101	134	134	194	198	226	226	269	269
RB	R8	119	119	192	192	246	246	112	122	173	173	231	231	101	101	134	134	200	200	221	221	269	269
RB	R9	119	119	204	204	246	246	104	104	143	143	231	231	95	95	136	136	198	198	221	221	263	263
RB	RBR1	117	117	176	206	246	246	124	124	185	185	231	231	95	95	144	144	200	200	221	228	257	257
RB	RBR3	127	127	186	186	244	244	104	104	143	143	231	231	95	101	116	116	198	198	226	226	261	261
RB	RBR4	127	127	186	186	244	244	104	104	143	143	231	231	101	101	116	116	198	198	226	226	261	269
RB	RBR5	127	127	186	194	244	244	104	104	143	143	231	231	101	101	116	116	198	198	226	226	261	261
RB	RBR6	117	119	176	206	244	246	110	124	143	185	231	231	95	95	134	144	198	200	221	228	263	263
TC	1003	117	129	178	178	244	246	104	122	175	183	231	235	97	97	132	146	198	200	221	221	267	271
TC	1004	117	117	176	178	244	246	112	122	175	175	231	231	95	97	132	132	198	198	221	222	267	269
TC	1005	117	119	176	194	246	246	106	106	173	175	231	231	97	97	132	136	198	198	221	221	261	297
TC	1006	117	117	194	204	246	246	104	122	173	175	231	231	97	97	132	144	198	200	221	226	261	271
TC	1007	109	117	178	220	244	246	106	124	143	167	231	231	97	97	132	148	194	200	221	221	267	271
TC	1008	119	129	176	178	246	246	104	104	173	177	231	235	97	97	116	116	194	200	226	226	271	291
TC	1009	117	117	176	194	244	244	112	122	173	175	231	231	97	97	132	142	198	200	221	221	267	267
TC	1010	117	119	176	206	246	246	106	112	167	177	231	231	95	95	132	134	194	198	222	226	251	269
TC	1011	119	119	194	206	244	244	106	122	167	175	231	231	95	97	134	142	194	198	221	222	251	283
TC	1012	117	117	176	194	244	246	104	122	173	177	231	231	95	97	132	142	198	198	221	222	267	271
TC	1013	117	119	176	178	244	244	104	122	143	143	231	231	93	97	118	132	198	200	221	221	267	269
TC	1014	117	119	176	194	244	246	104	122	175	177	231	231	97	101	132	142	198	198	221	222	271	283
TC	1015	117	129	178	178	244	246	104	122	143	183	231	235	97	97	132	146	194	200	221	221	267	291
TC	1016	117	129	178	178	244	246	104	106	143	173	231	235	97	97	116	132	194	198	221	221	267	271
TC	1017	117	117	178	178	246	246	106	122	175	175	231	231	97	97	132	132	198	198	221	221	261	261
TC	1018	117	117	194	194	244	246	106	106	175	175	231	231	97	97	132	132	198	200	221	221	261	261
TC	1019	117	129	176	178	246	246	104	104	173	177	231	231	97	97	132	142	198	198	222	222	271	271
TC	1020	117	129	176	194	244	246	104	122	175	177	231	231	97	97	132	144	198	200	221	226	267	291
TC	TC1	119	129	176	178	246	246	104	104	173	183	231	235	95	97	142	146	194	200	221	221	271	283
TC	TC1002	117	117	194	194	244	244	106	122	143	175	231	231	97	97	132	132	198	200	221	221	261	261
TC	TC2	117	119	178	206	244	246	104	104	173	177	231	231	95	97	142	144	198	198	221	222	269	271
TC	TCNM1	117	117	178	194	244	244	106	106	143	143	231	231	97	97	132	132	198	200	221	221	267	267
TC	TNM2	117	129	176	178	244	246	104	104	173	177	231	231	97	97	142	144	198	198	222	226	271	291
TC	TNM3	117	117	178	178	246	246	122	122	143	175	231	231	97	97	132	132	198	200	221	221	261	267
TC	TNM4	117	117	194	194	244	244	106	106	143	143	231	231	97	97	132	132	198	200	221	221	261	267
TC	TNM5	117	117	178	194	244	246	106	106	175	175	231	231	97	97	132	132	198	200	221	221	261	267
TL	946	117	119	180	220	244	246	104	104	143	177	 - 	 - 	95	107	136	136	198	198	221	221	261	291
TL	948	117	117	176	204	244	244	102	104	177	177	 - 	 - 	95	95	132	136	198	198	221	221	259	259
TL	949	119	119	186	206	246	246	108	108	143	143	 - 	 - 	97	97	134	134	198	198	221	222	269	269
TL	950	117	119	204	204	244	244	102	104	177	183	 - 	 - 	95	95	136	136	198	198	221	221	259	259
TL	951	117	119	186	206	246	246	102	108	143	143	 - 	 - 	95	97	134	146	198	198	221	222	257	269
TL	952	117	119	176	206	246	246	104	104	167	171	 - 	 - 	95	103	132	136	198	198	222	226	251	279
TL	953	117	119	176	180	244	246	104	128	143	177	 - 	 - 	95	97	136	136	198	198	221	226	261	267
TL	954	119	127	194	206	246	246	108	108	167	173	 - 	 - 	93	97	144	152	198	198	221	221	251	283
TL	955	119	119	176	206	244	246	102	108	143	177	 - 	 - 	95	95	132	134	198	198	221	222	261	269
TL	956	119	127	180	180	244	246	104	104	173	177	 - 	 - 	95	95	144	148	198	198	221	221	257	261
TL	957	117	119	180	220	246	246	104	104	177	177	 - 	 - 	107	107	136	136	198	198	221	221	261	291
TL	958	117	127	204	206	246	246	104	114	177	183	 - 	 - 	93	95	132	144	198	198	221	222	257	261
TL	959	117	127	180	206	244	244	102	104	143	173	 - 	 - 	93	95	144	144	198	198	221	222	251	283
TL	960	117	127	180	206	244	246	102	104	143	167	 - 	 - 	93	95	144	144	198	198	221	221	251	257
TL	961	127	127	178	206	246	246	108	108	167	167	 - 	 - 	93	93	144	152	198	198	221	221	251	283
TL	962	127	127	180	180	244	244	104	104	167	173	 - 	 - 	93	95	144	144	198	198	221	221	251	251
TL	963	117	127	176	206	246	246	104	114	177	177	 - 	 - 	95	101	144	144	198	198	221	222	257	257
TL	964	119	119	206	206	244	246	104	104	173	177	 - 	 - 	93	95	136	148	198	198	221	221	279	279
?	372_C_T3	117	119	178	194	244	246	104	142	145	183	231	231	93	97	142	146	194	198	 - 	 - 	 - 	 - 
?	399_C_T4	 - 	 - 	178	178	244	246	104	116	183	183	235	235	97	97	132	142	 - 	 - 	 - 	 - 	 - 	 - 
?	399_R_T2	 - 	 - 	178	178	244	244	102	104	183	183	235	235	93	93	142	142	194	194	 - 	 - 	 - 	 - 
?	1921_R_T2	119	119	178	190	244	244	104	124	167	167	231	231	97	97	142	142	 - 	 - 	 - 	 - 	 - 	 - 
?	830_C_T3	0	0	178	194	244	246	104	142	145	183	 - 	 - 	93	97	142	146	 - 	 - 	 - 	 - 	 - 	 - 
?	837_C_T3	119	119	178	178	244	244	102	104	183	183	235	235	93	93	142	142	194	194	 - 	 - 	 - 	 - 
?	838_C_T5	119	119	178	178	244	246	104	104	167	183	235	235	93	93	142	142	0	0	 - 	 - 	 - 	 - 
?	826_C_T2	121	121	186	194	246	246	122	122	183	183	231	235	95	95	136	136	198	198	 - 	 - 	 - 	 - 
?	827_C_T1	 - 	 - 	194	194	246	246	104	106	145	183	 - 	 - 	93	95	136	142	 - 	 - 	 - 	 - 	 - 	 - 
?	827_C_T3	 - 	 - 	176	194	244	244	104	104	173	183	231	231	93	99	142	148	 - 	 - 	 - 	 - 	 - 	 - 
?	827_R_T2	117	125	194	194	246	246	104	106	145	183	231	235	93	95	136	142	198	198	 - 	 - 	 - 	 - 
?	832_C_T1	119	121	186	194	246	246	104	122	145	183	 - 	 - 	95	97	134	146	 - 	 - 	 - 	 - 	 - 	 - 
?	832_C_T2	119	121	186	194	246	246	104	122	145	183	 - 	 - 	95	97	134	146	 - 	 - 	 - 	 - 	 - 	 - 
?	832_C_T3	117	119	178	204	244	246	104	104	169	183	231	231	95	95	134	142	 - 	 - 	 - 	 - 	 - 	 - 
?	832_C_T4	119	121	186	194	246	246	104	104	183	183	235	235	95	95	136	136	198	198	 - 	 - 	 - 	 - 
?	847_C_T2	117	119	178	204	244	246	104	104	169	183	231	231	95	95	134	142	194	198	 - 	 - 	 - 	 - 
