 321.524882396371 
  
 134.633762481779 
 295.3387207936 
  
18.9187737446167 
 272.968642887787 
 186.780646749068 
  

 
 83.0347517609344 
 115.438121952845 
 13.7131323919810 
 259.904982637886 
254.002066920724 
 122.801017911091 
 105.748380602258 
  
 57.4112358341118 
67.4216582412507 
  
  
  
  
  
  
 70.7053039028898 
 51.6736876949962 
155.032157954406 
 27.0201776456040 
 37.9953944577497 
 27.0201776456040 
124.480520564464 
 73.7173656610164 
 157.849611972916 
 73.7173656610164 
78.232026689841 
 238.853699992276 
 78.232026689841 
 78.232026689841 
97.5086662815157 
 148.073630333020 
 262.347879732236 
 232.597871873326 
372.79055782034 
 322.220111104195 
  
  
 212.789661402992 
47.9116895965901 
 97.5086662815157 
 97.5086662815157 
 97.5086662815157 
96.8679513564729 
 110.742087753482 
 154.144412808249 
 44.355157535511 
145.444319242795 
 64.033506853834 
 82.2163609021951 
 44.355157535511 
44.355157535511 
 39.7537419622355 
 103.880123219026 
 144.245658513523 
103.880123219026 
 59.5882538760786 
 150.743921933854 
 216.178491066988 
74.6257328272225 
  
  
 49.1318633882331 
 51.5908906687993 
 
  
 11.3991227732664 
  
  
  
 22.5887139961530 
  
 11.3991227732664 
 
  
  
 11.3991227732664 
 77.8052054813815 
  
  
  
 54.9487943452812 
484.317385605762 
 77.8052054813815 
 77.8052054813815 
 77.8052054813815 
11.3991227732664 
 11.3991227732664 
 11.3991227732664 
 11.3991227732664 
14.8717853669289 
 19.5 
 15.0711645203680 
 14.8384635323203 
 13.6 
 
  
  
  
  
  
  
  
  
  
  
  
  
  
  
 6.10737259384101 
94.9893151886042 
 6.10737259384101 
 6.10737259384101 
 6.10737259384101 
6.10737259384101 
 7.3006848993776 
 7.3006848993776 
 7.7897368376602 
100.0199980004 
  
  
  
  
  
  
  
  
 20.6167407705486 
 
 16.5559656921606 
  
 16.5559656921606 
 52.7274122255208 
26.2390929721284 
 26.2390929721284 
  
 44.7235955620744 
 10.5385008421502 
176.5 
 10.5385008421502 
 221.122793940381 
 103.851528635837 
10.5385008421502 
 10.5385008421502 
 10.5385008421502 
  
  
 
  
  
  
 5.23927475897189 
  
  
  
  
  
  
  
 
  
  
  
  
  
 75.0426545372697 
 189.380384411903 
  
 
  
  
  
  
 20.5197465871292 
  
 30.2654919008431 
 20.5197465871292 
30.2654919008431 
 58.8328139731561 
 58.8328139731561 
 12.1433109158911 
8.70459648691424 
 326.59640230719 
 8.70459648691424 
 8.70459648691424 
12.1433109158911 
 13.4848062648301 
  
  
 141.051196379187 
15.9615162187056 
 13.8924439894498 
 15.9615162187056 
 15.9615162187056 
 
  
  
  
 143.51686312068 
 9.19347594764896 
  
 9.19347594764896 
 
 32.4776846465385 
 549.234376200179 
 32.4776846465385 
 603.292839340896 
 
 32.4776846465385 
 22.0655840620637 
 304.702953710659 
 32.4776846465385 
12.8600155520902 
 12.9630243384791 
 14.5279041847061 
 12.9630243384791 
89.2179914591222 
 14.5279041847061 
 12.9630243384791 
 12.9630243384791 
14.5279041847061 
 51.6705912487945 
 12.9630243384791 
 14.5279041847061 
51.1211306604226 
  
 12.9630243384791 
 48.9400653861435 
 37.353580818979 
19.5243437789853 
 15.2970585407783 
 15.2970585407783 
 15.2970585407783 
13.4350288425444 
 10.5385008421502 
 10.5385008421502 
  
 216.195027694903 
 
 216.195027694903 
  
 216.195027694903 
 216.195027694903 
195.158130755549 
  
 771.136356295046 
  
 4.6535362897478 
254.507997909692 
 198.437976456121 
  
  
  
  
  
 6.83379835816072 
11.8261067135385 
 14.5063916946979 
 14.5063916946979 
 79.5535825717485 
14.5063916946979 
  
  
  
 62.1630637919336 
  
 28.2916895925288 
28.2916895925288 
 77.9988185807964 
 63.583674791569 
  
  
 
  
 89.8914289573817 
 29.8865488138058 
  
  
 174.694985617790 
46.3543309734915 
 41.9945139274168 
 116.858440859015 
 36.6098257370887 
63.5590261095936 
 75.0828728805711 
 63.5590261095936 
 75.0828728805711 
167.262803994194 
 70.123189459693 
 6.28434563021483 
 6.99887133758005 
212.766832471605 
  
 212.766832471605 
  
 36.6098257370887 
76.8369962973566 
 63.0905840835223 
 75.0828728805711 
 63.5590261095936 
75.0828728805711 
 75.0828728805711 
 347.763817123058 
  
 22.3110958941959 
22.3110958941959 
 22.3110958941959 
 12.0320987362969 
 12.0320987362969 
12.4635027179361 
 4.6535362897478 
  
 145.286836981194 
 8.25157560711894 
2.91707044824083 
 2.91707044824083 
 45.9432835134799 
 7.74648307298223 
21.8984017681657 
  
  
  
 6.52754165057568 
  
 5.7834245910187 
 
 91.430859670026 
  
 3.08314774216222 
 3.08314774216222 
10.7862180582445 
 61.2904111586797 
 8.75622064591796 
  
 14.5063916946979 
 
  
  
  
  
  
  
  
  
  
  
  
  
  
  
  
 
  
  
  
  
  
  
  
  
  
  
  
  
  
  
  
 
  
  
  
  
  
  
  
  
  
  
  
  
  
  
  
 
  
  
  
  
  
  
  
  
  
  
  
  
  
  
  
 
  
  
  
  
  
  
  
  
  
  
  
  
  
  
  
 
  
  
  
  
  
  
  
  
  
  
  
  
  
  
  
 
  
  
  
  
  
  
  
  
  
  
  
  
  
  
  
 
  
  
  
  
  
  
  
  
  
  
  
  
  
  
  
 
  
  
  
  
  
  
  
  
  
  
  
  
  
  
  
 
  
  
  
  
  
  
  
  
  
  
  
  
  
  
  
 
  
  
  
  
  
  
  
  
  
  
  
  
  
  
  
 
  
  
  
  
  
  
  
  
  
  
  
  
  
  
  
 
  
  
  
  
  
  
  
  
  
  
  
  
  
  
  
 
