NC	357	119	121	178	192	244	246	106	142	173	183	221	228	231	235	93	95	132	146	198	200	249	251
NC	358	119	119	178	194	244	246	104	104	173	173	221	222	231	231	93	97	134	146	194	200	283	283
NC	359	119	121	194	194	244	246	122	124	183	183	222	228	235	235	93	95	142	148	198	200	257	297
NC	360	119	119	178	194	246	246	104	142	161	173	221	226	231	235	95	97	134	142	194	200	283	295
NC	361	117	119	178	194	244	246	102	142	167	183	221	222	231	235	93	93	142	142	194	194	283	283
NC	362	119	119	178	194	244	246	104	104	167	183	222	222	231	235	93	93	142	146	194	198	283	295
NC	364	117	119	194	194	244	246	104	142	145	161	222	226	231	231	95	97	134	142	194	198	261	295
NC	365	117	119	176	194	244	244	104	104	173	183	222	226	231	231	93	97	142	148	198	198	257	295
NC	367	119	121	186	194	246	246	104	122	183	183	221	222	231	235	95	95	134	136	198	198	283	295
NC	369	117	117	178	204	244	246	104	106	183	183	222	228	231	231	93	95	132	142	198	198	271	295
NC	370	119	127	178	194	244	246	104	104	167	183	222	222	231	231	93	97	142	146	198	198	271	283
NC	372	117	119	178	194	244	246	104	142	145	183	222	222	231	231	93	97	142	146	194	198	283	295
NC	373	117	119	194	206	244	244	104	104	183	187	221	222	231	235	95	97	132	146	194	198	271	283
NC	375	117	117	178	204	244	246	104	104	183	183	221	221	231	231	95	95	142	142	198	198	283	283
NC	377	117	119	178	178	246	246	104	142	145	183	222	222	231	235	93	97	142	146	194	194	287	295
NC	378	119	119	178	178	244	246	102	104	167	169	222	222	231	231	93	95	142	142	198	198	271	287
NC	379	119	121	186	194	246	246	104	122	145	183	221	222	231	235	95	97	134	146	194	200	283	295
NC	380	117	119	178	204	244	246	104	104	169	183	221	226	231	231	95	95	134	142	194	198	271	271
NC	382	119	119	178	190	244	244	104	124	173	173	221	221	231	231	97	97	146	146	198	198	289	289
NC	383	119	119	178	190	244	246	104	124	169	173	221	222	231	231	95	97	142	142	198	198	271	283
NC	385	119	119	178	178	244	246	104	104	169	183	222	226	231	231	95	95	134	142	198	198	271	283
NC	387	119	119	178	190	244	244	104	124	167	173	221	221	231	231	97	97	142	146	198	198	271	289
NC	388	119	119	178	190	244	244	104	124	167	173	221	221	231	231	97	97	142	142	198	198	271	289
NC	390	119	119	190	190	244	244	104	104	167	167	221	221	231	231	97	97	142	142	198	198	271	271
NC	391	117	119	186	194	244	246	122	142	145	183	222	222	231	235	95	97	136	142	194	200	283	295
NC	396	117	121	178	186	244	246	104	104	145	183	221	222	231	235	93	95	134	146	194	200	295	295
NC	397	119	119	178	178	244	246	102	102	183	183	221	222	231	235	93	93	142	142	194	198	287	287
NC	398	119	119	178	178	244	246	104	104	183	183	222	222	231	235	93	93	142	142	194	194	287	287
NC	399	119	119	178	178	244	246	102	104	183	183	221	222	231	235	93	93	142	142	198	198	283	283
NC	400	119	119	178	178	244	246	102	102	167	183	221	222	231	231	93	93	142	142	198	198	283	287
NC	776	129	129	192	194	244	246	102	102	173	173	221	221	-	-	97	101	132	136	198	198	257	257
NC	777	121	121	176	204	244	246	110	112	145	167	221	221	-	-	97	97	138	144	194	198	255	259
NC	780	117	119	176	206	244	244	116	142	161	183	221	221	-	-	93	97	132	146	198	200	257	291
NC	871	117	119	178	194	244	244	104	104	183	183	222	222	231	231	93	97	142	148	198	198	295	295
NC	873	119	119	178	178	246	246	102	104	167	167	221	222	235	235	93	93	142	142	198	198	283	287
NC	877	119	127	194	206	244	246	104	110	183	187	228	228	-	-	93	97	132	146	194	198	257	257
NC	879	119	127	176	206	246	246	106	110	183	183	228	228	-	-	97	97	142	148	198	198	283	295
NC	880	119	119	176	206	244	246	106	110	183	183	228	228	-	-	93	97	132	132	194	198	251	295
NC	883	117	119	176	206	244	246	112	142	183	183	221	228	-	-	93	95	132	134	194	198	257	269
NC	884	119	127	176	206	244	244	106	142	183	183	221	221	-	-	93	97	132	136	198	198	257	283
NC	885	117	119	206	206	244	246	110	124	161	173	226	228	-	-	93	93	132	132	194	194	257	263
NC	887	109	119	176	206	246	246	104	142	161	187	226	228	-	-	95	97	132	132	194	198	257	263
NC	889	119	119	176	176	244	246	106	106	183	183	221	228	-	-	97	97	132	132	198	198	257	295
NC	890	119	121	176	206	244	246	106	142	173	183	228	228	-	-	93	97	132	144	196	198	251	263
NC	891	119	119	176	206	244	244	106	110	161	183	221	228	-	-	93	97	132	132	194	198	251	257
NC	892	119	121	178	206	244	246	110	142	161	167	221	221	-	-	93	95	132	136	194	198	251	273
NC	966	117	119	178	204	244	246	106	112	183	183	221	228	231	235	95	95	132	132	198	198	257	271
NC	967	119	119	178	178	244	246	104	104	167	183	228	228	231	231	95	97	132	136	198	198	259	259
NC	968	119	119	178	190	244	246	104	124	167	183	221	228	231	231	97	97	132	146	198	198	259	289
NC	1065	119	119	178	194	246	246	104	104	167	183	222	222	231	231	97	97	142	142	198	198	257	283
NC	1066	119	119	178	194	246	246	104	104	183	183	221	222	231	231	97	97	142	142	198	198	257	283
NC	1067	119	119	194	194	246	246	104	104	167	183	221	222	231	231	97	97	142	142	198	198	257	283
NC	1069	117	119	178	178	244	244	104	104	183	185	221	221	231	231	97	97	132	146	198	200	261	261
NC	1070	117	119	178	178	244	244	106	106	167	167	221	221	231	231	95	95	118	146	200	200	263	263
NC	1072	119	119	178	178	244	244	104	142	183	183	221	226	231	231	95	97	142	146	198	198	257	283
NC	1073	109	119	178	206	244	244	104	104	173	183	221	221	231	231	93	93	136	146	198	200	249	263
NC	1074	117	119	178	178	244	244	142	142	183	183	221	221	231	231	97	97	132	146	200	200	257	257
NC	1075	117	119	178	178	244	244	104	104	183	185	221	221	231	231	95	97	146	146	198	200	257	257
NC	1076	119	119	178	178	244	244	104	142	183	185	221	221	231	231	95	95	132	136	200	200	257	261
NC	1077	117	119	178	178	244	244	104	142	183	183	221	221	231	231	95	97	132	136	198	198	261	261
NC	1078	117	119	178	178	244	244	104	142	167	185	221	221	231	231	95	95	132	132	200	200	257	261
NC	1080	117	119	178	178	244	244	104	104	185	185	221	221	231	231	95	97	132	146	198	200	257	261
NC	1081	117	119	178	178	244	244	104	142	183	185	221	221	231	231	95	97	132	146	198	200	257	261
NC	1082	119	119	178	178	244	246	104	104	167	183	221	222	231	231	93	95	132	142	194	200	261	283
NC	1083	117	117	178	178	244	244	104	142	183	183	221	221	231	231	95	97	146	146	198	200	257	261
NC	1084	119	119	178	178	244	244	142	142	183	183	221	221	231	231	97	97	132	146	198	200	257	261
NC	1085	119	119	176	178	244	244	104	104	167	167	221	221	231	231	93	93	146	146	198	200	257	261
NC	1086	119	119	176	178	244	244	104	104	173	173	221	221	231	231	93	93	146	146	198	200	263	263
NC	1087	119	119	176	206	244	244	104	110	173	183	221	221	231	231	93	93	146	146	200	200	249	261
NC	1089	119	119	206	206	246	246	122	142	173	187	221	226	231	235	95	97	142	142	198	198	259	259
NC	1090	119	119	178	178	244	246	104	104	167	183	221	221	231	231	95	97	136	142	198	200	261	283
NC	1091	109	119	178	178	244	244	104	104	173	173	221	221	231	231	93	93	136	146	198	200	261	263
NC	1092	119	119	178	206	246	246	110	122	173	173	221	222	231	231	93	95	118	142	198	200	251	295
NC	1093	119	119	178	194	244	246	104	122	183	187	221	222	231	235	93	95	136	146	200	200	263	295
NC	1094	119	119	178	190	244	246	104	124	167	173	221	221	231	231	97	97	142	142	198	198	257	289
NC	1095	117	119	178	192	246	246	104	110	167	173	221	221	235	235	95	95	132	146	198	202	263	271
NC	1096	119	119	178	178	246	246	104	104	167	183	221	221	231	231	97	97	142	142	198	198	257	283
NC	1097	119	119	194	194	246	246	104	104	167	167	221	221	231	231	97	97	142	142	198	198	257	283
NC	1098	119	119	178	178	244	246	104	104	173	183	221	221	231	231	95	97	142	146	198	198	257	271
NC	1099	119	121	178	194	244	246	104	104	173	187	221	222	231	235	95	97	142	146	200	200	257	271
NC	1100	119	119	178	186	246	246	104	104	173	183	221	222	231	231	95	97	134	136	198	198	257	295
NC	1101	117	117	178	192	246	246	110	110	173	173	221	221	235	235	95	95	132	146	202	202	263	271
NC	1102	119	119	178	178	246	246	104	104	173	183	221	221	231	231	97	97	136	142	198	198	257	283
NC	1103	117	121	178	192	244	246	104	112	183	183	222	228	231	231	93	93	132	142	198	198	271	283
NC	1104	119	119	190	190	246	246	104	124	177	185	226	226	235	235	93	97	132	132	198	200	251	261
NC	1105	117	119	178	194	246	246	104	104	183	183	221	221	231	231	95	97	142	142	198	198	271	283
NC	1106	119	119	178	204	246	246	104	104	173	183	221	221	231	231	95	95	132	142	194	198	271	283
NC	1107	119	119	192	194	246	246	104	104	167	173	221	222	231	235	95	95	136	146	200	202	257	263
NC	1108	119	119	178	190	244	244	104	124	173	173	221	221	231	231	97	97	142	146	198	198	271	271
NC	1109	117	119	178	204	244	246	104	104	173	173	221	221	231	231	95	95	132	132	198	198	271	271
NC	1110	117	119	190	190	244	246	124	124	173	185	221	226	235	235	93	93	132	146	198	198	251	257
NC	1111	119	119	204	204	244	244	124	142	187	187	221	221	231	231	97	97	132	132	198	198	251	257
NC	1112	119	119	190	204	244	244	104	124	173	187	221	228	231	235	93	93	132	146	198	202	261	289
NC	1113	117	117	178	178	246	246	104	104	173	183	221	221	231	235	95	95	142	146	198	198	263	283
NC	1115	109	119	206	206	244	246	102	142	167	183	221	226	231	231	95	97	136	142	194	198	271	283
NC	1116	119	129	200	206	244	246	104	124	175	185	221	222	231	231	97	101	132	146	198	198	251	261
NC	1117	119	119	178	194	244	246	104	142	145	183	221	222	231	235	93	97	118	142	198	198	257	283
NC	1118	119	119	178	194	246	246	104	104	167	183	221	222	231	231	95	95	134	142	198	200	283	295
NC	1119	119	119	194	194	244	244	104	104	173	173	222	222	231	235	97	97	134	134	198	200	283	283
NC	1120	117	119	178	178	244	244	104	116	167	183	221	222	231	235	95	97	132	142	194	198	261	283
NC	1121	119	119	178	178	244	246	102	104	183	183	221	222	231	231	93	97	142	142	194	198	283	283
NC	1122	119	119	190	190	244	244	104	124	167	167	221	221	231	231	97	97	142	142	198	198	271	289
NC	1123	119	119	178	190	244	244	104	124	173	183	221	222	231	235	93	97	142	142	198	198	283	289
NC	1124	119	119	178	178	244	244	124	124	167	167	221	221	231	231	97	97	142	146	198	198	271	289
NC	1125	119	119	178	178	244	244	104	124	173	183	221	226	231	231	95	97	142	146	198	198	283	289
NC	1126	119	119	178	206	244	244	104	124	167	175	228	228	231	235	95	101	134	134	198	202	271	275
NC	1127	119	119	178	190	244	244	104	124	167	173	221	221	231	231	97	97	146	146	198	198	271	289
NC	1129	119	119	178	194	244	246	104	104	167	173	221	222	231	235	97	97	134	136	198	200	283	283
NC	1132	119	119	186	194	246	246	104	104	183	183	221	222	231	235	95	95	136	136	198	200	283	283
NC	1133	119	119	178	178	244	246	104	110	167	183	221	222	231	231	93	95	132	136	198	198	251	283
NC	1135	119	119	178	178	244	246	104	104	167	173	221	222	231	235	97	97	136	146	198	200	257	271
NC	1137	117	117	192	192	244	244	112	112	183	183	228	228	235	235	93	93	132	132	198	198	251	271
NC	1138	117	119	178	206	246	246	104	112	169	185	221	222	231	231	95	95	144	146	200	200	257	295
NC	1155	119	125	194	204	246	246	106	106	183	183	226	228	231	231	93	95	132	136	198	198	259	271
NC	1156	119	119	178	178	246	246	104	116	183	183	221	221	231	235	97	97	142	142	198	198	257	257
NC	1161	119	119	178	206	244	244	104	112	167	183	221	226	231	235	95	97	142	146	194	198	257	269
NC	1164	117	119	178	194	244	246	104	142	145	183	222	222	231	231	95	97	136	146	198	200	283	295
NC	1165	109	117	176	194	246	246	104	142	167	183	221	222	231	235	93	97	136	142	194	200	261	283
NC	1169	119	121	186	194	246	246	104	122	183	183	221	222	231	235	95	95	134	136	198	198	283	283
NC	1170	117	119	178	204	244	246	104	104	183	183	221	221	231	231	95	95	142	142	194	194	271	283
NC	1173	117	119	178	194	244	246	104	104	183	183	221	222	231	231	93	97	142	142	198	198	287	295
NC	1175	117	119	204	204	246	246	104	104	173	183	221	221	231	231	95	95	132	142	198	198	271	271
NC	1176	119	121	186	186	246	246	104	122	183	183	222	222	231	235	95	95	134	136	198	200	295	295
NC	1177	119	121	186	194	246	246	104	122	183	183	221	222	231	235	95	95	134	136	198	200	283	295
NC	1178	119	121	186	186	246	246	122	122	183	183	221	221	231	235	95	95	134	136	198	198	283	295
NC	1179	119	119	178	178	244	246	104	104	167	167	221	222	235	235	93	93	142	142	194	198	283	287
NC	1181	119	121	194	194	246	246	104	122	183	183	221	221	231	235	95	95	134	136	200	200	295	295
NC	1182	119	119	178	178	246	246	102	104	167	183	222	222	231	231	93	93	142	142	198	198	283	287
NC	1183	119	121	186	186	246	246	104	122	183	183	221	222	231	231	95	95	136	136	198	200	283	295
NC	1184	119	121	186	194	246	246	122	122	183	183	221	222	235	235	95	95	136	136	198	200	283	295
NC	1186	119	119	178	190	244	244	104	104	167	173	221	221	231	231	97	97	142	146	198	198	271	289
NC	1188	119	119	178	190	244	244	124	124	167	173	221	221	231	231	97	97	142	146	198	198	271	289
NC	1189	117	119	178	204	244	246	104	104	173	183	221	221	231	231	95	95	132	142	194	198	271	283
NC	1190	119	121	186	194	246	246	104	104	183	183	221	222	231	235	95	95	134	136	200	200	283	295
NC	1191	117	119	194	204	244	246	104	112	183	183	222	228	231	235	93	97	132	136	198	198	261	271
NC	1192	119	119	178	178	244	244	102	102	167	167	221	221	231	235	93	93	142	142	194	194	287	287
NC	1193	119	121	186	194	246	246	104	122	183	183	221	221	231	231	95	95	134	136	200	200	283	283
NC	1195	119	119	178	178	244	246	102	102	167	167	221	221	231	235	93	93	142	142	194	194	283	287
NC	1196	119	119	178	178	244	246	102	104	167	167	222	222	231	235	93	93	142	142	198	198	287	287
NC	1198	117	119	178	206	244	244	106	110	161	173	221	228	231	231	93	95	132	144	194	198	257	281
NC	1199	117	119	178	178	244	244	142	142	183	183	221	221	231	231	95	97	132	146	200	200	257	261
NC	1820	119	119	178	204	244	246	110	116	173	183	221	226	235	235	93	107	132	132	198	200	249	287
NC	1821	119	119	176	178	244	244	104	104	173	173	221	221	231	231	93	93	136	146	198	200	261	263
NC	1822	119	119	178	194	244	246	122	142	145	183	222	222	231	231	93	95	134	146	194	198	283	295
NC	1823	109	119	178	178	244	246	104	104	173	173	221	221	231	231	93	93	136	136	198	200	263	263
NC	1824	117	119	178	178	244	244	142	142	183	183	221	221	231	231	95	95	132	136	198	198	261	261
NC	1825	117	119	178	206	244	244	104	124	167	183	221	221	231	235	93	95	132	132	198	198	251	257
NC	1826	119	119	178	194	246	246	104	104	183	187	222	228	231	235	93	97	142	146	198	198	257	257
NC	1827	119	119	178	194	246	246	104	104	183	183	221	222	231	231	97	97	142	142	198	198	257	283
NC	1828	119	119	178	194	246	246	104	104	167	183	221	222	231	231	97	97	142	142	198	198	257	283
NC	1829	119	119	178	178	246	246	104	104	167	167	221	221	231	231	97	97	142	142	198	198	257	283
NC	1830	117	121	178	178	244	246	104	104	183	187	221	222	235	235	93	95	142	146	198	200	257	257
NC	1831	119	119	178	194	244	246	104	122	173	183	221	222	231	231	95	97	136	146	198	200	271	295
NC	1832	119	119	178	178	244	244	106	142	145	187	221	222	231	235	93	97	118	142	198	198	283	283
NC	1833	119	121	178	194	246	246	104	122	173	183	222	222	231	235	95	95	136	142	198	200	257	295
NC	1834	119	119	178	178	244	246	104	104	167	173	221	222	231	231	97	97	136	142	198	198	257	289
NC	1835	119	127	178	206	246	246	104	104	159	173	221	222	231	231	95	95	134	136	198	198	257	295
NC	1836	109	119	178	178	244	246	104	104	173	173	221	222	231	231	93	97	136	136	198	200	257	261
NC	1837	119	119	178	178	244	246	104	124	173	183	221	221	231	231	97	97	142	146	198	198	257	289
NC	1838	119	127	192	206	244	244	106	110	167	173	221	221	231	231	93	95	132	146	198	200	259	283
NC	1839	119	119	178	206	244	246	104	118	167	183	221	222	231	231	97	101	142	144	198	198	257	275
NC	1841	119	119	178	178	244	246	104	104	167	167	221	222	231	231	93	97	142	144	194	200	257	283
NC	1842	109	119	176	176	244	246	104	104	173	173	221	221	231	231	93	93	136	146	200	200	261	263
NC	1843	119	119	178	178	244	246	104	116	183	183	221	221	231	235	97	97	132	142	198	198	257	261
NC	1844	117	119	178	194	244	246	104	104	145	183	222	222	231	231	93	95	136	142	194	200	283	283
NC	1845	121	121	186	194	246	246	122	122	183	183	221	222	231	235	95	95	136	136	198	198	283	283
NC	1846	119	119	178	178	244	244	102	104	145	183	221	222	231	231	93	97	142	146	194	198	287	295
NC	1847	121	121	186	194	246	246	104	122	183	183	222	222	235	235	95	95	136	136	200	200	283	295
NC	1848	119	121	186	186	246	246	104	122	183	183	222	222	231	235	95	95	134	136	198	198	283	283
NC	1849	119	119	190	190	244	244	104	124	173	173	221	221	231	231	97	97	146	146	198	198	271	289
NC	1850	119	121	186	194	246	246	104	104	183	183	221	221	235	235	95	95	136	136	198	198	283	283
NC	1851	119	119	190	190	246	246	104	124	177	177	221	221	235	235	93	97	132	132	198	200	251	261
NC	1921	119	119	194	194	246	246	104	104	167	183	221	222	231	231	97	97	142	142	198	198	283	283
NC	1922	117	125	194	194	246	246	104	106	145	183	222	226	231	235	93	95	136	142	198	198	259	283
NC	1923	117	121	194	204	246	246	104	112	183	183	222	228	231	235	93	95	132	146	194	198	251	295
NC	1924	119	119	178	194	244	244	104	142	167	183	222	222	231	235	93	97	142	146	194	198	283	295
NC	1925	109	119	176	178	246	246	104	104	173	183	221	222	231	231	93	97	136	146	198	200	261	271
NC	1926	119	119	178	190	244	244	104	104	173	183	221	222	231	231	93	97	142	146	198	198	289	295
NC	1927	119	119	178	178	244	246	102	104	183	183	221	222	231	235	93	93	142	142	194	198	283	287
NC	1928	117	119	178	194	246	246	122	142	183	183	222	222	231	231	93	95	136	142	198	200	283	283
NC	1929	119	119	178	190	244	244	104	124	167	173	221	221	231	231	97	97	142	146	198	198	271	289
NC	1930	119	119	178	190	244	246	104	124	167	183	221	222	231	231	95	97	134	142	198	198	271	271
NC	1931	119	119	178	178	246	246	104	104	183	183	221	221	231	231	97	97	142	142	198	198	257	257
NC	1932	119	119	178	194	246	246	104	104	167	187	221	221	231	231	93	97	142	146	198	198	261	283
NC	1933	119	119	176	178	244	244	104	104	173	173	221	221	231	231	93	93	136	146	200	200	261	263
NC	1934	119	119	178	194	246	246	104	104	183	183	221	222	231	231	97	97	142	142	198	198	257	257
NC	1935	119	127	186	194	244	246	102	106	153	167	228	228	231	235	93	97	136	142	198	200	257	269
NC	1936	119	119	186	186	246	246	104	104	183	183	221	222	231	231	95	95	134	136	200	200	283	283
NC	1937	119	119	178	178	246	246	104	106	169	187	221	226	231	235	93	95	118	134	198	198	271	283
NC	1938	119	121	178	194	246	246	104	122	183	183	221	221	231	235	95	97	136	136	198	200	271	283
NC	1939	119	119	178	194	246	246	104	104	183	183	221	221	231	231	95	97	142	142	198	198	257	271
NC	1940	119	119	178	190	244	246	104	124	173	183	221	226	231	231	95	97	142	146	198	198	283	289
NC	1941	119	119	178	178	246	246	104	104	183	183	221	221	231	231	97	97	142	142	198	198	257	283
RB	CAR3	119	127	204	206	244	244	104	110	173	173	221	226	231	235	95	95	136	144	198	198	257	295
RB	CAR5	127	127	186	186	244	244	104	104	161	161	226	226	235	235	101	101	116	116	194	198	261	269
RB	CAR6	127	127	186	194	244	244	104	104	143	143	226	226	231	231	95	101	116	116	198	198	261	269
RB	R7	127	127	186	194	244	244	104	104	161	161	226	226	235	235	95	101	134	134	194	198	269	269
RB	R8	119	119	192	192	246	246	112	122	173	173	221	221	231	231	101	101	134	134	200	200	269	269
RB	R9	119	119	204	204	246	246	104	104	143	143	221	221	231	231	95	95	136	136	198	198	263	263
RB	RBR1	117	117	176	206	246	246	124	124	185	185	221	228	231	231	95	95	144	144	200	200	257	257
RB	RBR3	127	127	186	186	244	244	104	104	143	143	226	226	231	231	95	101	116	116	198	198	261	261
RB	RBR4	127	127	186	186	244	244	104	104	143	143	226	226	231	231	101	101	116	116	198	198	261	269
RB	RBR5	127	127	186	194	244	244	104	104	143	143	226	226	231	231	101	101	116	116	198	198	261	261
RB	RBR6	117	119	176	206	244	246	110	124	143	185	221	228	231	231	95	95	134	144	198	200	263	263
CM	701	109	119	178	178	244	246	102	102	173	173	222	226	231	231	97	97	132	132	198	198	283	283
CM	702	121	127	178	194	244	244	102	102	161	175	221	226	231	231	97	97	132	132	198	198	259	271
CM	703	121	127	178	194	244	244	102	102	175	175	226	226	231	231	97	97	132	132	198	198	259	259
CM	704	109	109	176	178	244	246	102	102	173	175	226	226	231	231	97	97	132	132	198	198	281	281
CM	705	109	119	176	178	244	246	102	104	173	175	222	226	231	231	97	97	132	132	198	198	281	283
CM	706	109	119	176	178	246	246	102	102	173	173	222	226	231	231	97	97	132	132	198	198	281	283
CM	707	109	109	178	178	244	244	102	104	173	175	222	226	231	231	97	97	132	132	198	198	281	283
CM	708	109	109	176	178	244	246	102	104	175	175	222	226	231	231	97	97	132	132	198	198	281	283
CM	709	121	121	178	178	244	244	102	102	161	175	226	226	231	231	97	97	132	146	198	198	259	271
CM	CM710	109	127	178	178	244	246	102	106	177	185	221	226	231	231	93	95	132	144	194	198	257	273
CM	711	109	119	178	192	246	246	102	102	161	177	221	221	231	231	97	97	132	144	198	198	271	273
CM	712	117	119	178	194	246	246	102	106	143	185	221	226	231	231	93	93	132	144	198	198	269	271
CM	CM713	117	119	178	204	244	246	102	106	161	167	221	221	231	231	93	97	132	144	198	198	251	273
CM	715	109	119	178	178	244	246	104	104	175	175	222	226	231	231	97	97	132	132	198	198	281	283
CM	CMNM1	121	127	178	178	244	246	102	102	175	175	221	226	231	231	97	97	146	146	198	198	271	271
CL	CL6	113	113	176	176	244	246	104	124	173	173	226	228	231	235	97	101	134	146	196	198	271	285
CL	NM1	119	119	194	194	246	246	104	104	153	153	221	221	235	235	93	97	136	136	198	198	269	283
CL	NM2	117	119	206	206	244	246	106	142	161	185	221	226	231	235	93	95	118	134	194	198	257	269
CL	NM3	127	127	176	178	244	244	106	106	183	183	221	221	235	235	97	97	136	136	198	198	257	283
CL	776	129	129	192	194	244	246	102	102	173	173	221	221	231	231	97	101	132	136	198	198	257	257
CL	777	121	121	176	204	244	246	110	112	145	167	221	221	231	235	97	97	138	144	194	198	255	259
CL	780	117	119	176	206	244	244	116	142	161	183	221	221	235	235	93	97	132	146	198	200	257	291
CL	877	119	127	194	206	244	246	104	110	183	187	228	228	231	235	93	97	132	146	194	198	257	257
CL	CL878	119	127	176	176	244	246	106	106	183	183	221	228	235	235	97	97	132	132	198	198	295	295
CL	879	119	127	176	206	246	246	106	110	183	183	228	228	231	235	97	97	142	148	198	198	283	295
CL	880	119	119	176	206	244	246	106	110	183	183	228	228	235	235	93	97	132	132	194	198	251	295
CL	883	117	119	176	206	244	246	112	142	183	183	221	228	231	235	93	95	132	134	194	198	257	269
CL	884	119	127	176	206	244	244	106	142	183	183	221	221	235	235	93	97	132	136	198	198	257	283
CL	885	117	119	206	206	244	246	110	124	161	173	226	228	235	235	93	93	132	132	194	194	257	263
CL	CL886	119	127	178	206	244	244	106	142	167	183	221	221	231	235	93	101	118	146	198	198	257	283
CL	887	109	119	176	206	246	246	104	142	161	187	226	228	235	235	95	97	132	132	194	198	257	263
CL	CL888	119	127	176	206	244	246	106	142	161	183	221	221	235	235	93	101	118	136	198	198	257	257
CL	889	119	119	176	176	244	246	106	106	183	183	221	228	235	235	97	97	132	132	198	198	257	295
CL	890	119	121	176	206	244	246	106	142	173	183	228	228	231	235	93	97	132	144	196	198	251	263
CL	891	119	119	176	206	244	244	106	110	161	183	221	228	231	235	93	97	132	132	194	198	251	257
CL	892	119	121	178	206	244	246	110	142	161	167	221	221	231	231	93	95	132	136	194	198	251	273
CL	CL876	119	127	176	176	244	244	106	106	183	183	221	221	235	235	97	101	136	136	198	198	257	257
CL	CL3	119	119	176	190	244	244	104	106	161	173	226	226	231	235	93	95	132	148	194	200	259	259
CL	CL778	119	125	176	176	246	246	124	124	185	185	221	221	231	231	93	93	134	148	194	198	257	257
TC	TC1	119	129	176	178	246	246	104	104	173	183	221	221	231	235	95	97	142	146	194	200	271	283
TC	TC2	117	119	178	206	244	246	104	104	173	177	221	222	231	231	95	97	142	144	198	198	269	271
TC	TCNM1	117	117	178	194	244	244	106	106	143	143	221	221	231	231	97	97	132	132	198	200	267	267
TC	TNM2	117	129	176	178	244	246	104	104	173	177	222	226	231	231	97	97	142	144	198	198	271	291
TC	TNM3	117	117	178	178	246	246	122	122	143	175	221	221	231	231	97	97	132	132	198	200	261	267
TC	TNM4	117	117	194	194	244	244	106	106	143	143	221	221	231	231	97	97	132	132	198	200	261	267
TC	TNM5	117	117	178	194	244	246	106	106	175	175	221	221	231	231	97	97	132	132	198	200	261	267
TC	TC1002	117	117	194	194	244	244	106	122	143	175	221	221	231	231	97	97	132	132	198	200	261	261
TC	1003	117	129	178	178	244	246	104	122	175	183	221	221	231	235	97	97	132	146	198	200	267	271
TC	1004	117	117	176	178	244	246	112	122	175	175	221	222	231	231	95	97	132	132	198	198	267	269
TC	1005	117	119	176	194	246	246	106	106	173	175	221	221	231	231	97	97	132	136	198	198	261	297
TC	1006	117	117	194	204	246	246	104	122	173	175	221	226	231	231	97	97	132	144	198	200	261	271
TC	1007	109	117	178	220	244	246	106	124	143	167	221	221	231	231	97	97	132	148	194	200	267	271
TC	1008	119	129	176	178	246	246	104	104	173	177	226	226	231	235	97	97	116	116	194	200	271	291
TC	1009	117	117	176	194	244	244	112	122	173	175	221	221	231	231	97	97	132	142	198	200	267	267
TC	1010	117	119	176	206	246	246	106	112	167	177	222	226	231	231	95	95	132	134	194	198	251	269
TC	1011	119	119	194	206	244	244	106	122	167	175	221	222	231	231	95	97	134	142	194	198	251	283
TC	1012	117	117	176	194	244	246	104	122	173	177	221	222	231	231	95	97	132	142	198	198	267	271
TC	1013	117	119	176	178	244	244	104	122	143	143	221	221	231	231	93	97	118	132	198	200	267	269
TC	1014	117	119	176	194	244	246	104	122	175	177	221	222	231	231	97	101	132	142	198	198	271	283
TC	1015	117	129	178	178	244	246	104	122	143	183	221	221	231	235	97	97	132	146	194	200	267	291
TC	1016	117	129	178	178	244	246	104	106	143	173	221	221	231	235	97	97	116	132	194	198	267	271
TC	1017	117	117	178	178	246	246	106	122	175	175	221	221	231	231	97	97	132	132	198	198	261	261
TC	1018	117	117	194	194	244	246	106	106	175	175	221	221	231	231	97	97	132	132	198	200	261	261
TC	1019	117	129	176	178	246	246	104	104	173	177	222	222	231	231	97	97	132	142	198	198	271	271
TC	1020	117	129	176	194	244	246	104	122	175	177	221	226	231	231	97	97	132	144	198	200	267	291
CT	CT1	119	119	204	204	244	246	104	104	175	175	226	226	235	235	97	97	144	144	198	198	249	249
CT	CT10	117	117	204	206	244	246	104	104	175	175	226	228	231	231	97	97	144	146	198	198	249	249
CT	CT4	117	119	204	206	244	246	104	106	143	175	226	228	231	235	97	97	144	146	198	198	249	249
CT	CT6	117	117	204	204	244	244	106	106	175	175	226	226	235	235	97	97	134	146	200	200	249	249
CT	CT7	117	117	204	204	244	244	106	106	175	175	226	226	235	235	97	97	146	146	200	200	249	249
CT	CT8	119	119	204	206	246	246	104	106	143	175	226	228	231	231	97	97	144	144	198	198	249	249
CT	CT9	119	119	204	206	246	246	106	106	143	175	226	228	231	235	97	97	144	146	198	198	249	249
CT	CTNM1	119	119	204	206	244	246	104	106	143	175	226	228	231	235	97	97	144	146	198	198	249	249
CT	CTNM3	117	117	204	204	244	244	106	106	175	175	226	226	235	235	97	97	146	146	200	200	249	249
CT	CTNM4	117	119	204	206	244	246	104	106	175	175	226	228	231	231	97	97	144	144	198	198	249	249
CT	CTNM5	117	117	204	204	244	244	106	106	175	175	226	226	235	235	97	97	146	146	200	200	249	249
CT	CTNM6	117	117	204	204	244	244	106	106	175	175	226	226	235	235	97	97	146	146	200	200	249	249
CT	CTNM7	119	119	204	204	244	246	104	104	143	143	226	228	231	231	97	97	144	146	198	198	249	249
CT	CTNM8	119	119	204	204	244	246	102	106	143	171	221	226	233	235	97	97	146	146	194	198	249	261
NN	760	119	127	176	176	246	246	104	110	161	161	221	221	231	231	95	95	118	118	198	198	261	261
NN	NN761	127	127	176	186	246	246	110	110	143	161	221	221	231	231	95	95	118	146	194	198	257	257
NN	762	119	119	176	178	246	246	104	124	175	175	222	222	231	235	97	97	146	146	198	200	257	261
NN	763	113	113	176	178	244	246	104	110	143	173	221	221	235	235	95	95	118	118	200	200	257	257
NN	764	127	127	176	186	244	246	104	110	143	143	221	222	231	231	95	95	146	146	194	198	261	261
NN	765	119	127	176	176	244	246	104	110	161	161	221	222	231	231	95	95	118	146	194	198	261	261
NN	766	119	119	176	186	244	246	104	110	143	161	221	222	231	231	95	95	146	146	194	194	257	257
NN	767	113	113	176	178	244	246	104	110	143	173	221	221	235	235	95	97	118	118	200	200	257	257
NN	768	119	127	176	186	244	244	104	110	143	161	221	222	231	231	95	95	118	146	194	198	261	261
NN	NN769	119	127	176	186	244	246	104	110	143	161	221	222	231	231	95	95	118	146	194	198	257	261
NN	770	113	119	178	178	244	246	104	110	173	173	221	226	231	235	95	97	118	132	194	198	261	269
NN	772	127	127	186	186	244	246	104	110	143	161	221	222	231	231	95	95	118	146	194	198	257	261
NN	774	119	127	176	186	246	246	104	110	143	143	221	222	231	231	95	95	146	146	194	198	257	261
NN	775	119	119	176	178	244	246	112	124	161	171	221	221	235	235	95	97	132	144	198	200	257	259
NN	NNNM1	119	119	176	178	244	246	110	112	161	161	221	221	231	235	97	97	118	146	198	198	269	269
NN	NNNM2	119	119	176	186	246	246	104	110	143	161	221	222	231	231	95	95	118	118	198	198	257	261
NN	NNNM3	119	127	176	186	244	246	104	104	143	161	221	222	231	231	95	95	118	118	194	198	257	261
NN	NNNM4	119	119	176	186	244	246	104	104	161	161	221	222	231	231	95	95	118	146	198	198	257	257
NN	NNNM5	113	113	176	178	244	246	104	110	161	185	221	221	231	235	93	97	118	144	200	200	257	269
NN	NNNM6	119	119	176	178	244	246	104	110	161	173	221	221	231	235	95	95	118	118	194	198	257	261
NN	901	121	127	178	192	244	246	104	104	177	183	221	221	231	235	97	101	118	144	194	202	265	265
NN	902	121	121	178	178	244	246	104	104	167	183	221	221	235	235	93	97	118	136	194	194	265	265
NN	903	121	121	178	178	244	244	104	112	183	183	221	221	235	235	93	93	118	118	198	198	257	265
NN	904	121	121	178	178	244	246	104	104	167	183	221	221	235	235	93	97	136	136	194	198	265	265
NN	905	121	127	178	178	244	246	104	112	143	183	221	221	235	235	97	101	118	144	194	198	265	265
NN	906	121	121	178	178	246	246	104	112	167	183	221	221	235	235	93	97	118	118	194	198	257	265
NN	907	119	119	176	206	244	246	104	104	143	167	221	228	231	231	97	97	136	136	198	198	255	261
NN	908	127	127	178	210	244	246	104	104	177	177	221	221	231	231	97	101	136	136	198	198	255	255
NN	909	121	121	178	178	244	246	104	112	167	183	221	221	235	235	93	93	118	136	198	198	257	265
NN	910	119	127	178	210	244	246	104	104	165	177	221	221	231	231	97	101	136	136	198	198	255	255
NN	911	119	119	194	206	246	246	106	110	167	167	221	226	231	231	97	97	136	144	198	198	265	271
NN	912	127	127	178	178	244	246	104	104	165	177	221	221	231	231	97	101	136	136	198	198	255	255
NN	913	127	127	206	210	244	246	104	112	143	173	221	221	235	235	97	97	118	132	198	198	251	261
NN	914	119	127	206	210	244	246	104	112	177	177	221	228	231	235	93	93	136	136	198	198	251	289
NN	915	119	119	178	194	244	244	104	104	167	171	221	221	231	231	95	97	136	136	194	198	251	257
NN	916	119	119	176	176	244	244	104	104	171	173	221	221	235	235	93	95	144	148	198	198	281	281
NN	917	127	127	176	176	246	246	104	112	179	179	221	221	231	231	95	97	144	146	194	194	249	259
NN	918	125	127	176	206	244	246	104	104	167	173	221	221	231	235	93	97	146	148	198	198	257	257
NN	919	119	125	176	204	244	246	112	112	171	183	221	221	231	231	97	97	136	142	194	200	257	269
NN	920	125	127	190	206	244	246	104	110	143	167	221	221	231	231	95	97	144	146	194	198	269	271
NN	921	109	127	178	210	244	246	124	128	153	173	222	226	235	235	95	97	132	146	194	198	257	257
NN	922	119	119	190	194	244	246	104	124	183	183	221	226	231	235	95	97	118	118	198	200	257	257
NN	923	109	109	178	190	244	244	104	104	167	183	221	222	231	235	95	95	118	148	198	198	257	289
NN	924	113	113	178	190	244	246	104	104	153	183	222	228	231	231	97	101	118	134	198	198	257	269
NN	925	113	113	190	192	244	246	104	104	153	169	221	222	231	235	95	97	118	144	198	198	257	261
NN	926	119	127	190	206	244	244	102	102	167	173	221	221	231	235	95	97	118	132	194	194	257	271
NN	927	109	127	178	194	246	246	102	104	143	167	222	226	231	235	93	101	118	136	194	198	269	271
NN	928	119	121	178	194	244	246	110	110	167	171	221	226	231	235	95	101	134	146	194	198	263	269
NN	929	125	127	194	206	246	246	104	104	143	167	222	226	231	235	97	101	118	136	194	198	269	271
NN	930	127	127	190	206	244	246	104	124	143	167	221	226	231	231	97	101	132	148	198	200	261	269
NN	931	121	121	178	178	246	246	104	104	161	161	221	221	231	235	95	95	136	146	198	200	261	271
NN	932	119	119	176	204	246	246	104	142	145	153	221	221	231	231	95	95	146	146	194	198	257	257
NN	933	117	121	176	202	246	246	106	110	143	167	221	221	231	235	95	97	132	144	194	198	257	295
NN	934	119	119	176	178	246	246	104	104	143	167	221	221	231	231	93	97	132	134	198	198	251	257
NN	935	119	119	202	206	246	246	104	106	161	161	221	221	231	231	95	97	132	146	198	198	257	261
NN	936	117	119	176	190	244	246	104	112	161	171	221	221	231	231	95	97	132	134	198	198	257	269
NN	937	119	121	178	206	244	246	104	104	161	161	221	221	231	235	95	101	136	146	198	198	261	271
NN	938	119	121	178	206	244	246	104	106	161	161	221	221	231	235	95	101	136	146	198	200	261	271
NN	939	121	121	178	206	244	246	104	104	161	161	221	221	231	235	101	101	146	146	198	200	261	271
NN	940	117	117	176	176	246	246	104	104	143	145	221	226	231	235	97	101	146	146	194	194	261	289
NN	941	117	119	204	206	246	246	104	110	173	183	221	221	231	235	95	95	132	132	198	200	257	271
NN	942	119	119	176	202	244	246	104	110	143	153	221	228	231	235	97	101	134	146	198	198	261	261
NN	943	119	119	178	206	244	244	104	104	161	161	221	221	231	235	95	101	136	146	200	200	261	271
NN	944	119	121	178	206	246	246	104	106	161	161	221	221	235	235	95	101	136	146	198	200	261	271
NN	945	109	119	176	206	244	246	110	124	165	179	221	221	231	231	95	101	132	148	194	198	257	269
TL	946	117	119	180	220	244	246	104	104	143	177	221	221	231	231	95	107	136	136	198	198	261	291
TL	948	117	117	176	204	244	244	102	104	177	177	221	221	231	235	95	95	132	136	198	198	259	259
TL	949	119	119	186	206	246	246	108	108	143	143	221	222	235	235	97	97	134	134	198	198	269	269
TL	950	117	119	204	204	244	244	102	104	177	183	221	221	231	231	95	95	136	136	198	198	259	259
TL	951	117	119	186	206	246	246	102	108	143	143	221	222	231	235	95	97	134	146	198	198	257	269
TL	952	117	119	176	206	246	246	104	104	167	171	222	226	231	235	95	103	132	136	198	198	251	279
TL	953	117	119	176	180	244	246	104	128	143	177	221	226	231	231	95	97	136	136	198	198	261	267
TL	954	119	127	194	206	246	246	108	108	167	173	221	221	231	235	93	97	144	152	198	198	251	283
TL	955	119	119	176	206	244	246	102	108	143	177	221	222	231	235	95	95	132	134	198	198	261	269
TL	956	119	127	180	180	244	246	104	104	173	177	221	221	231	231	95	95	144	148	198	198	257	261
TL	957	117	119	180	220	246	246	104	104	177	177	221	221	231	231	107	107	136	136	198	198	261	291
TL	958	117	127	204	206	246	246	104	114	177	183	221	222	231	231	93	95	132	144	198	198	257	261
TL	959	117	127	180	206	244	244	102	104	143	173	221	222	231	235	93	95	144	144	198	198	251	283
TL	960	117	127	180	206	244	246	102	104	143	167	221	221	231	235	93	95	144	144	198	198	251	257
TL	961	127	127	178	206	246	246	108	108	167	167	221	221	231	235	93	93	144	152	198	198	251	283
TL	962	127	127	180	180	244	244	104	104	167	173	221	221	231	235	93	95	144	144	198	198	251	251
TL	963	117	127	176	206	246	246	104	114	177	177	221	222	231	231	95	101	144	144	198	198	257	257
TL	964	119	119	206	206	244	246	104	104	173	177	221	221	231	231	93	95	136	148	198	198	279	279
CS	969	117	119	176	178	244	246	104	112	167	183	221	221	231	231	95	97	142	146	198	200	257	271
CS	970	117	119	178	196	244	246	104	112	167	167	221	226	231	235	97	97	132	142	198	198	271	273
CS	971	119	127	192	194	246	246	104	112	167	183	221	226	231	235	95	97	132	136	198	200	273	283
CS	972	119	127	176	192	244	244	106	112	167	173	221	226	231	235	97	101	132	136	194	198	257	273
CS	973	117	119	178	192	244	244	102	104	173	183	226	226	231	231	95	97	132	142	198	198	271	273
CS	974	119	127	196	206	246	246	104	112	167	183	221	228	235	235	97	107	116	116	198	198	261	271
CS	975	119	127	178	192	244	246	112	116	173	173	221	228	231	231	95	97	132	132	198	200	251	261
CS	976	127	127	178	192	244	246	104	112	173	173	221	226	231	235	93	97	132	146	198	198	273	283
CS	977	119	127	194	196	244	246	102	112	167	169	226	228	231	235	95	97	132	132	198	200	271	273
CS	978	119	127	194	196	244	244	102	102	167	173	221	228	231	235	95	97	132	132	194	198	251	261
CS	979	119	127	194	206	244	246	102	116	169	173	221	228	231	231	95	97	132	132	198	200	271	273
CS	980	127	127	178	196	244	246	102	118	167	173	226	228	231	235	97	97	132	132	198	198	261	273
CS	981	117	127	178	192	244	246	102	112	173	183	-	-	231	235	97	97	132	148	198	202	261	271
CS	982	117	119	178	192	244	246	112	116	173	173	221	226	235	235	95	97	132	146	198	198	251	261
CS	983	119	127	178	192	244	244	102	112	173	183	221	226	231	231	93	97	132	142	194	198	273	283
CS	984	117	119	192	196	246	246	102	106	167	173	228	228	231	231	93	97	132	132	198	198	261	273
CS	985	117	119	176	192	244	244	112	112	143	173	221	226	231	235	97	97	132	146	194	198	261	267
PCAL	986	119	119	206	206	246	246	122	142	173	187	226	226	231	235	95	97	142	142	198	198	259	259
PCAL	987	119	119	178	192	244	244	102	122	143	153	221	228	235	235	95	97	132	132	198	198	257	261
PCAL	988	119	119	206	206	244	246	106	122	153	153	221	226	235	235	95	95	132	142	198	200	259	259
PCAL	989	119	119	178	206	244	246	110	142	153	187	221	228	231	235	93	95	132	132	198	200	259	261
PCAL	990	119	119	206	206	246	246	110	142	153	173	226	226	235	235	95	97	132	142	198	198	259	261
PCAL	991	119	119	178	206	244	246	110	122	173	187	226	228	231	235	95	95	132	142	198	198	261	261
PCAL	992	119	119	178	206	244	246	102	122	143	153	221	226	231	235	95	97	132	132	198	198	257	259
PCAL	993	119	119	206	206	246	246	110	110	173	173	221	226	235	235	93	95	118	142	198	200	261	271
PCAL	994	119	119	206	206	244	246	110	122	153	173	221	226	231	235	93	97	132	142	198	198	259	261
PCAL	995	117	119	206	206	246	246	110	122	169	173	221	226	235	235	95	101	142	146	200	202	259	259
PCAL	996	117	117	206	206	246	246	106	110	153	153	221	226	235	235	95	97	132	132	200	200	257	257
PCAL	997	117	119	178	186	246	246	104	116	173	173	221	221	231	231	95	95	132	134	194	202	261	271
PCAL	998	117	119	178	206	244	244	106	142	153	183	221	221	231	235	95	97	132	136	198	198	251	283
PCAL	999	119	119	206	206	244	244	104	110	185	185	228	228	231	231	93	93	132	134	194	198	263	263
PCAL	999*	117	119	204	206	244	246	104	142	173	183	221	226	231	235	95	97	132	132	194	198	273	283
PCAL	1000	117	119	206	206	246	246	106	122	153	153	221	226	235	235	95	95	132	132	200	200	257	259
PCAL	436	119	119	178	178	246	246	102	102	143	143	221	221	231	235	97	97	132	132	198	198	257	281
PCAL	440	125	129	192	194	244	246	124	124	167	187	221	221	231	231	97	97	132	146	198	198	257	257
PCAL	444	117	119	178	204	246	246	102	104	143	167	221	221	231	235	95	97	132	132	194	198	251	257
?	1DCHAA7T1	117	119	178	178	244	244	142	142	183	183	221	221	-	-	95	95	132	136	198	198	261	261
?	1DCHAP3T1	109	119	178	178	244	246	104	104	173	173	221	221	-	-	93	93	136	136	198	200	263	263
?	1DCHAP5T1	109	119	178	178	244	246	104	104	173	173	221	221	-	-	93	93	136	136	198	200	263	263
?	1ESQa19T1	119	127	178	192	244	246	112	116	173	173	221	228	-	-	95	97	132	132	198	200	-	-
?	1INa35T1	119	119	178	190	244	244	104	104	173	183	221	222	-	-	93	97	142	146	198	198	289	295
?	1INA73T19	119	119	190	190	244	244	104	124	167	167	221	221	-	-	97	97	142	142	198	198	-	-
?	1INN35T10	119	121	178	192	244	246	106	142	173	183	221	228	-	-	93	95	132	146	198	200	249	251
?	1INN36T1	-	-	178	192	244	246	106	142	173	183	221	228	-	-	93	95	132	146	-	-	-	-
?	1INN4T1	119	121	186	194	246	246	104	122	183	183	221	221	-	-	95	95	134	136	200	200	283	283
?	1INN63T19	117	119	186	194	244	246	122	142	145	183	222	222	-	-	95	97	136	142	194	200	-	-
?	1INP53T1	119	119	178	194	246	246	104	104	183	183	221	221	-	-	95	97	142	142	198	198	257	271
?	1INR19T1	119	119	178	178	244	246	104	104	167	167	221	222	-	-	93	97	142	144	194	200	257	283
?	1INR45T1	117	119	178	204	244	246	104	104	173	183	221	221	-	-	95	95	132	142	194	198	271	283
?	1INS15T1	119	119	178	206	244	244	104	112	167	183	221	226	-	-	95	97	142	146	194	198	257	269
?	1INS34T1	119	119	178	178	244	246	104	124	173	183	221	221	-	-	97	97	142	146	198	198	257	289
?	1INS34T2	119	119	194	194	246	246	104	104	167	183	221	222	-	-	97	97	142	142	198	198	283	283
?	2DCHAA10T1	117	119	178	178	244	244	142	142	183	183	221	221	-	-	95	95	132	136	198	198	261	261
?	2DCHAS1T1	117	119	178	178	244	244	104	142	183	183	221	221	-	-	95	97	132	136	198	198	-	-
?	2ESQA19T1	119	127	178	192	244	246	112	116	173	173	221	228	-	-	95	97	132	132	198	200	-	-
?	2ESQN13T1	119	127	194	196	244	244	102	102	167	173	221	228	-	-	95	97	132	132	194	198	251	261
?	2INa21T1	119	119	178	190	244	246	104	124	169	173	221	222	-	-	95	97	142	142	198	198	267	267
?	2INa22T1	119	119	178	178	246	246	102	102	167	183	222	222	-	-	93	93	142	142	198	198	-	-
?	2INA33T1	119	119	178	194	246	246	104	104	167	183	222	222	-	-	97	97	142	142	198	198	257	283
?	2INA34T1	119	119	178	204	244	246	110	116	173	183	221	226	-	-	93	107	132	132	198	200	249	287
?	2INa39T1	119	119	178	190	244	244	104	124	173	173	221	221	-	-	97	97	146	146	198	198	289	289
?	2INA50T1	119	119	178	178	244	244	102	104	145	183	221	222	-	-	93	97	142	146	194	198	287	295
?	2INa75T1	117	119	176	194	244	244	104	104	173	183	222	226	-	-	93	97	142	148	198	198	257	295
?	2INa77T1	119	119	178	178	244	246	104	116	183	183	221	221	-	-	97	97	132	142	198	198	-	-
?	2INA8T1	119	119	178	178	246	246	104	104	167	183	221	222	-	-	93	93	142	142	194	198	-	-
?	2INa8T1	119	121	178	194	246	246	104	122	183	183	221	221	-	-	95	97	136	136	198	200	-	-
?	2INAA1T3	119	119	178	178	244	244	104	124	173	183	221	226	-	-	95	97	142	146	198	198	-	-
?	2INN16T1	119	119	178	178	246	246	104	104	173	183	221	221	-	-	97	97	136	142	198	198	257	283
?	2INN2T1	119	119	178	204	246	246	104	104	173	183	221	221	-	-	95	95	132	142	194	198	-	-
?	2INN3T1	119	119	178	178	246	246	104	106	169	187	221	226	-	-	93	95	118	134	198	198	-	-
?	2INP14T1	119	119	178	190	244	246	104	124	169	173	221	222	-	-	95	97	142	142	198	198	271	283
?	2INP1T1	119	119	178	178	246	246	104	106	169	187	221	226	-	-	93	95	118	134	198	198	-	-
?	2INP40T1	119	129	200	206	244	246	104	124	175	185	221	222	-	-	97	101	132	146	198	198	251	261
?	2INP43T1	117	121	178	194	246	246	104	122	183	183	222	222	-	-	93	95	134	146	198	198	283	283
?	2INP45T1	119	119	178	190	244	246	104	124	173	183	221	226	-	-	95	97	142	146	198	198	283	289
?	2INR28T1	119	119	178	178	246	246	104	106	169	187	221	226	-	-	93	95	118	134	198	198	271	283
?	2INR2T1	119	121	186	194	246	246	104	122	183	183	221	222	-	-	95	95	134	136	198	200	-	-
?	2INR53T1	121	121	186	194	246	246	104	122	183	183	222	222	-	-	95	95	136	136	200	200	283	295
?	2INR54T1	119	119	178	178	246	246	104	106	169	187	221	226	-	-	93	95	118	134	198	198	271	283
?	2INR59T1	119	119	178	206	244	246	104	110	143	185	228	228	-	-	93	95	134	146	194	198	259	273
?	2INR62T1	121	121	176	178	244	246	102	102	173	173	221	221	-	-	93	97	132	136	194	198	-	-
?	2INR65T1	119	121	178	186	244	246	104	122/142	173	183	222	228	-	-	95	95	134	136	198	200	249	283
?	2INR7T1	121	121	186	194	246	246	104	122	183	183	222	222	-	-	95	95	136	136	200	200	283	295
?	2INS15T2	119	119	178	178	244	246	104	116	183	183	221	221	-	-	97	97	132	142	198	198	-	-
?	2INS34T3	119	119	194	194	246	246	104	104	167	183	221	222	-	-	97	97	142	142	198	198	283	283
?	2INS34T4	119	119	194	194	246	246	104	104	167	183	221	222	-	-	97	97	142	142	198	198	283	283
?	3DCHAP10T2	119	129	200	206	244	246	104	124	175	185	221	222	-	-	97	101	132	146	198	198	251	261
?	3DCHAP1T2	109	119	178	178	244	246	104	104	173	173	221	221	-	-	93	93	136	136	198	200	263	263
?	3DCHAP3T2	119	119	178	204	244	246	110	116	173	183	221	226	-	-	93	107	132	132	198	200	249	287
?	3DCHAP5T2	119	119	178	178	244	244	104	142	183	185	221	221	-	-	95	95	132	136	200	200	-	-
?	3DCHAP5T3	109	119	178	178	244	246	104	104	173	173	221	221	-	-	93	93	136	136	198	200	-	-
?	3DCHAP5T4	117	119	178	178	244	244	142	142	183	183	221	221	-	-	95	95	132	136	198	198	261	261
?	3DCHAP5T5	109	119	178	178	244	246	104	104	173	173	221	221	-	-	93	93	136	136	198	200	-	-
?	3DCHAP5T6	109	119	178	178	244	246	104	104	173	173	221	221	-	-	93	93	136	136	198	200	263	263
?	3DCHAP7T1	119	127	178	194	244	246	104	104	167	183	222	222	-	-	93	97	142	146	198	198	271	283
?	3ESQA14T1	117	119	178	192	244	246	112	116	173	173	221	226	-	-	95	97	132	146	198	198	251	261
?	3ESQA14T2	117	119	178	192	244	246	112	116	173	173	221	226	-	-	95	97	132	146	198	198	251	261
?	3ESQA14T3	117	119	178	192	244	246	112	116	173	173	221	226	-	-	95	97	132	146	198	198	251	261
?	3ESQA15T1	119	127	194	196	244	246	102	112	167	169	226	228	-	-	95	97	132	132	198	200	-	-
?	3ESQA15T2	119	127	194	196	244	246	102	112	167	169	226	228	-	-	95	97	132	132	198	200	-	-
?	3ESQN14T1	117	119	178	192	244	246	112	116	173	173	221	226	-	-	95	97	132	146	198	198	251	261
?	3ESQP14T1	119	119	192	206	244	246	124	142	173	185	221	226	-	-	97	97	132	132	198	198	-	-
?	3INa18T1	117	121	194	204	246	246	104	112	183	183	222	228	-	-	93	95	132	146	194	198	251	295
?	3INA19T1	117	119	178	204	244	246	104	104	169	183	221	226	-	-	95	95	134	142	194	198	271	271
?	3INA19T2	119	119	178	178	244	246	104	116	183	183	221	221	-	-	97	97	132	142	198	198	257	261
?	3INA1T1	119	121	186	186	246	246	122	122	183	183	221	221	-	-	95	95	134	136	198	198	283	295
?	3INA1T2	119	121	186	186	246	246	122	122	183	183	221	221	-	-	95	95	134	136	198	198	283	295
?	3INA1T3	117	119	178	194	246	246	122	142	183	183	222	222	-	-	93	95	136	142	198	200	283	283
?	3INA23T1	121	121	186	194	246	246	104	122	183	183	222	222	-	-	95	95	136	136	200	200	283	295
?	3INA23T2	119	119	190	190	244	244	104	124	173	173	221	221	-	-	97	97	146	146	198	198	271	289
?	3INA23T3	119	121	186	194	246	246	104	104	183	183	221	221	-	-	95	95	136	136	198	198	283	283
?	3INA28T1	119	119	178	190	244	244	104	104	173	183	221	222	-	-	93	97	142	146	198	198	289	295
?	3INA28T2	119	119	178	190	244	244	104	104	173	183	221	222	-	-	93	97	142	146	198	198	289	295
?	3INa32T1	119	119	194	194	246	246	104	104	167	183	221	222	-	-	97	97	142	142	198	198	283	283
?	3INA35T1	119	119	178	178	244	246	104	104	167	173	221	222	-	-	97	97	136	146	198	200	257	271
?	3INA35T2	119	121	178	192	244	246	106	142	173	183	221	228	-	-	93	95	132	146	198	200	249	251
?	3INA35T3	119	119	178	178	244	246	104	104	167	173	221	222	-	-	97	97	136	146	198	200	257	271
?	3INa3T1	119	119	178	190	244	246	104	124	173	183	221	226	-	-	95	97	142	146	198	198	-	-
?	3INA42T1	119	119	178	178	244	246	104	104	167	173	221	222	-	-	97	97	136	146	198	200	257	271
?	3INA42T2	119	121	178	192	244	246	106	142	173	183	221	228	-	-	93	95	132	146	198	200	249	251
?	3INA42T3	119	121	178	192	244	246	106	142	173	183	221	228	-	-	93	95	132	146	198	200	249	251
?	3INA4T1	119	121	186	194	246	246	122	122	183	183	221	222	-	-	95	95	136	136	198	200	283	295
?	3INA4T2	117	119	178	204	244	246	104	104	173	183	221	221	-	-	95	95	132	142	194	198	271	283
?	3INA53T1	119	119	178	178	244	246	104	116	183	183	221	221	-	-	97	97	132	142	198	198	257	261
?	3INA53T2	117	119	186	194	244	246	122	142	145	183	222	222	-	-	95	97	136	142	194	200	283	295
?	3INAA10T2	119	119	178	178	244	246	104	110	167	183	221	222	-	-	93	95	132	136	198	198	251	283
?	3INAA1T4	109	119	206	206	244	246	102	142	167	185	221	226	-	-	95	97	136	142	194	198	271	283
?	3INAA1T5	119	121	186	186	246	246	122	122	183	183	221	221	-	-	95	95	134	136	198	198	283	295
?	3INAA1T6	119	119	178	178	244	246	104	104	167	167	221	222	-	-	93	93	142	142	194	198	283	287
?	3INAA1T7	119	119	178	178	244	244	104	124	173	183	221	226	-	-	95	97	142	146	198	198	283	289
?	3INAA1T8	125	125	178	206	244	244	104	124	167	175	228	228	-	-	95	101	132	134	198	202	-	-
?	3INAA1T9	119	119	178	206	244	244	124	124	167	167	228	228	-	-	95	101	134	134	198	202	271	275
?	3INAA2T2	119	119	178	178	244	246	104	124	173	183	221	222	-	-	95	97	142	146	198	198	283	283
?	3INAA2T3	119	119	178	178	244	244	104	124	173	183	221	226	-	-	95	97	142	146	198	198	283	289
?	3INN1T1	109	119	176	178	244	246	104	104	173	183	221	222	-	-	93	97	136	146	198	200	261	271
?	3INN24T1	119	119	178	178	246	246	104	106	169	187	221	226	-	-	93	95	118	134	198	198	271	283
?	3INN25T1	109	119	178	178	244	246	104	104	173	173	221	221	-	-	93	93	136	136	198	200	263	263
?	3INN26T1	119	119	178	190	244	244	104	124	173	183	221	222	-	-	93	97	142	142	198	198	283	289
?	3INN27T1	119	119	178	178	244	246	102	104	183	183	221	222	-	-	93	93	142	142	194	198	283	287
?	3INN28T1	119	119	178	190	244	244	104	104	173	183	221	222	-	-	93	97	142	146	198	198	271	271
?	3INN29T1	109	119	176	176	246	246	104	104	173	173	221	221	-	-	93	93	136	146	198	198	261	263
?	3INN31T1	119	119	178	178	244	246	104	104	167	167	222	222	-	-	93	97	142	144	194	200	257	283
?	3INN33T1	109	119	176	178	246	246	104	142	173	173	221	228	-	-	93	95	132	136	198	198	251	263
?	3INN42T1	119	119	178	190	244	244	104	124	167	173	221	221	-	-	97	97	142	146	198	198	271	271
?	3INN47T1	119	119	178	178	244	246	102	102	167	183	222	222	-	-	93	93	142	142	198	198	283	287
?	3INN49T1	119	119	178	178	244	246	102	102	167	183	222	222	-	-	93	93	142	142	198	198	283	287
?	3INN4T1	117	121	178	192	244	246	104	112	183	183	222	228	-	-	93	93	132	142	198	198	271	283
?	3INN55T1	119	119	178	178	-	-	102	104	183	183	221	221	-	-	93	93	134	142	194	198	-	-
?	3INN61T1	119	119	190	190	244	244	104	104	167	167	221	221	-	-	97	97	142	142	198	198	-	-
?	3INP2T1	119	119	178	178	244	246	104	104	169	183	222	226	-	-	95	95	134	142	198	198	271	283
?	3INP36T1	119	119	178	178	244	246	104	106	169	187	221	226	-	-	93	95	118	134	198	198	-	-
?	3INP3T1	119	119	178	190	244	246	104	124	169	173	221	222	-	-	95	97	142	142	198	198	271	283
?	3INP44T1	117	125	194	194	246	246	104	106	145	183	222	226	-	-	93	95	136	142	198	198	259	283
?	3INP46T1	119	119	178	190	244	244	104	124	173	183	222	222	-	-	93	97	142	142	198	198	283	289
?	3INP48T1	117	119	176	194	244	244	104	104	173	183	222	226	-	-	93	97	142	148	198	198	257	295
?	3INP51T1	109	119	206	206	244	244	102	142	167	185	221	226	-	-	95	97	136	142	-	-	-	-
?	3INP53T2	109	119	206	206	244	246	102	142	167	185	221	226	-	-	95	97	136	142	194	198	273	283
?	3INP55T1	117	119	178	192	246	246	104	110	167	173	221	221	-	-	95	95	132	146	198	202	263	271
?	3INP59T1	119	119	178	178	246	246	104	106	169	187	221	226	-	-	93	95	118	134	198	198	271	283
?	3INP62T1	119	119	178	194	244	244	104	142	167	183	222	222	-	-	93	97	142	146	194	198	271	271
?	3INP71T1	119	121	178	194	246	246	104	122	183	183	221	221	-	-	95	97	136	136	200	200	-	-
?	3INP73T2	119	119	178	194	244	246	122	142	145	183	222	222	-	-	93	95	134	146	194	198	281	281
?	3INP75T1	119	119	178	204	246	246	104	104	173	183	221	221	-	-	95	95	132	142	194	198	271	283
?	3INP76T1	119	119	178	178	246	246	104	106	169	187	221	226	-	-	93	95	118	134	198	198	271	283
?	3INP77T1	119	119	190	190	246	246	104	124	177	177	221	221	-	-	93	97	132	132	198	200	251	261
?	3INP78T1	117	119	186	194	244	246	122	142	183	183	222	222	-	-	95	97	136	142	194	200	-	-
?	3INP79T1	119	119	178	190	244	244	104	104	167	173	221	221	-	-	97	97	142	146	198	198	-	-
?	3INP80T1	119	119	178	190	244	246	104	124	169	173	221	222	-	-	95	97	142	142	198	198	-	-
?	3INR1T1	117	117	178	204	244	246	104	104	183	183	221	221	-	-	95	95	142	142	198	198	283	283
?	3INR26T1	119	119	178	194	244	246	104	104	167	173	221	222	-	-	97	97	134	136	198	200	283	283
?	3INR30T1	119	119	178	190	244	244	104	124	173	183	221	222	-	-	93	97	142	142	198	198	-	-
?	3INR42T1	119	119	178	178	244	244	124	124	167	167	221	221	-	-	97	97	142	146	198	198	271	289
?	3INR57T1	117	119	206	206	244	246	104	106	153	167	226	226	-	-	95	97	132	146	194	200	-	-
?	3INR5T1	119	119	178	190	244	246	104	124	169	173	221	222	-	-	95	97	142	142	198	198	-	-
?	3INR61T1	117	119	190	190	244	246	124	124	173	185	221	226	-	-	93	93	132	146	198	198	251	257
?	3INR6T1	119	119	190	204	244	246	104	124	173	183	221	221	-	-	97	97	146	146	198	198	283	289
?	4DCHAA3T2	119	119	178	204	244	246	110	116	173	183	221	226	-	-	93	107	-	-	198	200	249	287
?	4DCHAA3T4	117	119	178	178	244	244	104	104	185	185	221	221	-	-	95	97	132	146	198	200	-	-
?	4DCHAA3T5	117	119	178	178	244	244	104	142	183	185	221	221	-	-	95	97	132	146	198	200	-	-
?	4DCHAA3T6	117	119	178	178	244	244	104	104	185	185	221	221	-	-	95	97	132	146	198	200	-	-
?	4DCHAA3T9	117	119	178	178	244	244	106	106	167	167	221	221	-	-	95	95	118	146	200	200	263	263
?	4DCHAA5T1	117	119	178	178	244	244	104	104	185	185	221	221	-	-	95	97	132	146	198	200	257	261
?	4DCHAA5T2	117	119	178	178	244	244	106	106	167	167	221	221	-	-	95	95	118	146	200	200	263	263
?	4DCHAA5T3	117	119	178	178	244	244	104	104	185	185	221	221	-	-	95	97	132	146	198	200	-	-
?	4DCHAA5T4	117	119	178	178	244	244	104	142	183	185	221	221	-	-	95	97	132	146	198	200	257	261
?	4DCHAA5T5	117	119	178	178	244	244	104	142	183	185	221	221	-	-	95	97	132	146	198	200	257	261
?	4DCHAA5T6	117	119	178	178	244	244	104	142	183	185	221	221	-	-	95	97	132	146	198	200	257	261
?	4DCHAA7T1	119	119	178	178	244	246	104	104	167	183	221	221	-	-	95	97	136	142	198	200	-	-
?	4DCHAA7T10	119	119	178	178	244	246	104	104	167	167	221	222	-	-	93	97	142	144	194	200	257	283
?	4DCHAA7T11	109	117	176	194	246	246	104	142	167	183	221	222	-	-	93	97	136	142	194	200	261	283
?	4DCHAA7T12	119	119	178	178	246	246	104	116	183	183	221	221	-	-	97	97	142	142	198	198	257	257
?	4DCHAA7T13	119	119	178	178	244	246	102	102	167	167	221	221	-	-	93	93	142	142	194	194	283	287
?	4DCHAA7T14	119	119	178	178	244	244	102	102	167	167	221	221	-	-	93	93	142	142	194	194	287	287
?	4DCHAA7T15	119	119	178	178	244	246	104	104	167	173	221	222	-	-	97	97	136	146	198	200	-	-
?	4DCHAA7T16	117	117	192	192	244	244	112	112	183	183	228	228	-	-	93	93	132	132	198	198	-	-
?	4DCHAA7T17	-	-	178	178	244	244	104	142	183	185	221	221	-	-	95	95	132	136	200	200	257	261
?	4DCHAA7T3	119	119	178	178	244	246	104	104	167	183	221	221	-	-	95	97	136	142	198	200	-	-
?	4DCHAA7T4	119	119	178	178	244	246	104	104	167	183	221	222	-	-	97	97	136	142	198	200	-	-
?	4DCHAA7T5	119	119	178	178	244	246	104	104	167	183	221	221	-	-	95	97	136	142	198	200	-	-
?	4DCHAA7T6	119	119	178	178	244	246	104	104	167	183	221	221	-	-	95	97	136	142	198	200	-	-
?	4DCHAA7T7	117	119	178	204	244	246	106	112	183	183	221	228	-	-	95	95	132	132	198	198	257	271
?	4DCHAA7T8	109	119	178	178	244	244	104	104	173	173	221	221	-	-	93	93	136	146	198	200	261	263
?	4DCHAA7T9	117	119	178	194	244	244	104	104	183	183	222	222	-	-	93	97	142	148	198	198	295	295
?	4DCHAA8T1	117	119	178	178	244	244	104	104	183	185	221	221	-	-	95	97	146	146	198	200	-	-
?	4DCHAA8T10	119	119	178	178	244	246	104	104	167	167	221	222	-	-	93	97	142	144	194	200	257	283
?	4DCHAA8T11	117	119	178	178	244	244	104	142	183	183	221	221	-	-	95	97	132	136	198	198	261	261
?	4DCHAA8T12	117	119	178	178	244	244	104	104	183	185	221	221	-	-	95	97	146	146	198	200	-	-
?	4DCHAA8T2	117	119	178	178	244	244	104	104	183	185	221	221	-	-	95	97	146	146	198	200	-	-
?	4DCHAA8T3	119	119	178	178	244	244	104	142	183	185	221	221	-	-	95	95	132	136	200	200	-	-
?	4DCHAA8T4	109	119	178	178	244	244	104	104	173	173	221	221	-	-	93	93	136	146	198	200	261	263
?	4DCHAA8T5	117	119	178	178	244	244	106	106	167	167	221	221	-	-	95	95	118	146	200	200	263	263
?	4DCHAA8T6	109	119	178	178	244	244	104	104	173	173	221	221	-	-	93	93	136	146	198	200	261	263
?	4DCHAA8T7	119	119	176	178	244	244	104	104	173	173	221	221	-	-	93	93	146	146	198	200	263	263
?	4DCHAA8T8	117	119	178	194	244	244	104	104	183	183	222	222	-	-	93	97	142	148	198	198	295	295
?	4DCHAA8T9	119	119	178	206	244	244	104	112	167	183	221	226	-	-	95	97	142	146	194	198	257	269
?	4DCHAA9T1	117	119	178	178	244	244	142	142	183	183	221	221	-	-	97	97	132	146	200	200	257	257
?	4DCHAA9T2	117	119	178	178	244	244	142	142	183	183	221	221	-	-	97	97	132	146	200	200	257	257
?	4DCHAA9T3	117	119	178	178	244	244	142	142	183	183	221	221	-	-	95	95	132	136	198	198	261	261
?	4DCHAA9T4	119	119	178	178	244	244	104	142	183	185	221	221	-	-	95	95	132	136	200	200	-	-
?	4DCHAA9T5	117	119	178	178	244	244	142	142	183	183	221	221	-	-	97	97	132	146	200	200	257	257
?	4INA73T1	119	119	186	194	246	246	104	104	183	183	221	222	-	-	95	95	136	136	198	200	283	283
?	4INA73T10	119	119	178	190	244	246	104	124	167	183	221	222	-	-	95	97	134	142	198	198	271	271
?	4INA73T11	119	119	178	190	244	244	104	124	173	173	221	221	-	-	97	97	146	146	198	198	289	289
?	4INA73T12	119	119	186	194	246	246	104	104	183	183	221	222	-	-	95	95	136	136	198	200	-	-
?	4INA73T13	-	-	186	194	246	246	104	104	183	183	221	222	-	-	95	95	136	136	198	200	283	283
?	4INA73T14	119	119	178	190	244	244	104	124	173	173	221	221	-	-	97	97	146	146	198	198	289	289
?	4INA73T15	119	119	178	190	244	246	104	124	167	183	221	222	-	-	95	97	134	142	198	198	-	-
?	4INA73T16	119	119	186	194	246	246	104	104	183	183	221	222	-	-	95	95	136	136	198	200	283	283
?	4INA73T17	119	119	178	190	244	244	104	124	173	173	221	221	-	-	97	97	146	146	198	198	289	289
?	4INA73T18	119	119	186	194	246	246	104	104	183	183	221	222	-	-	95	95	136	136	198	200	283	283
?	4INA73T19	119	119	178	190	244	246	104	124	167	183	221	222	-	-	95	97	134	142	198	198	271	271
?	4INA73T2	119	119	178	178	244	246	104	104	167	167	221	222	-	-	93	93	142	142	194	198	283	287
?	4INA73T20	119	119	178	190	244	244	104	124	173	173	221	221	-	-	97	97	146	146	198	198	289	289
?	4INA73T21	119	119	186	194	246	246	104	104	183	183	221	222	-	-	95	95	136	136	198	200	-	-
?	4INA73T22	119	119	178	190	244	244	104	124	173	173	221	221	-	-	97	97	146	146	198	198	289	289
?	4INA73T3	119	119	178	178	244	246	104	104	167	167	221	222	-	-	93	93	142	142	194	198	283	287
?	4INA73T4	119	119	178	178	244	246	104	104	167	167	221	222	-	-	93	93	142	142	194	198	-	-
?	4INA73T5	119	119	178	178	244	246	104	104	167	167	221	222	-	-	93	93	142	142	194	198	283	287
?	4INA73T6	-	-	178	190	244	246	104	124	167	183	221	222	-	-	95	97	134	142	198	198	271	271
?	4INA73T7	119	119	-	-	244	246	104	124	167	183	221	222	-	-	95	97	134	142	198	198	271	271
?	4INA73T8	119	119	178	190	244	246	104	124	167	183	221	222	-	-	95	97	134	142	198	198	-	-
?	4INA73T9	119	119	178	190	244	246	104	124	167	183	221	222	-	-	95	97	134	142	198	198	-	-
?	4INA7T1	119	121	186	194	246	246	122	122	183	183	221	222	-	-	95	95	136	136	198	200	283	295
?	4INA7T2	119	119	178	178	244	246	104	104	167	167	221	222	-	-	93	93	142	142	194	198	283	287
?	4INA7T3	119	121	194	194	246	246	104	122	183	183	221	221	-	-	95	95	134	136	200	200	295	295
?	4INA7T4	119	121	186	186	246	246	104	122	183	183	221	222	-	-	95	95	136	136	198	200	283	295
?	4INA7T5	119	119	178	178	244	244	102	102	167	167	221	221	-	-	93	93	142	142	194	194	287	287
?	4INAA5T1	117	119	194	204	244	246	104	112	183	183	222	228	-	-	93	97	132	136	198	198	261	271
?	4INAA5T2	119	119	178	178	246	246	102	104	167	183	222	222	-	-	93	93	142	142	198	198	283	287
?	4INAA5T3	117	119	194	204	244	246	104	112	183	183	222	228	-	-	93	97	132	136	198	198	261	271
?	4INAA5T5	119	121	186	186	246	246	104	122	183	183	221	222	-	-	95	95	136	136	198	200	-	-
?	4INAA5T6	119	119	178	178	244	246	104	110	167	183	221	222	-	-	93	95	132	136	198	198	251	283
?	4INAA6T1	119	121	186	186	246	246	104	122	183	183	221	222	-	-	95	95	136	136	198	200	-	-
?	4INAA6T10	119	121	186	194	246	246	104	122	183	183	221	221	-	-	95	95	134	136	200	200	283	283
?	4INAA6T2	119	119	178	178	246	246	102	104	167	183	222	222	-	-	93	93	142	142	198	198	283	287
?	4INAA6T3	121	186	194	246	246	104	122	183	183	221	221	95	-	-	95	134	136	200	200	283	283	
?	4INAA6T4	119	121	186	186	246	246	104	122	183	183	221	222	-	-	95	95	136	136	198	200	-	-
?	4INAA6T5	119	121	194	194	246	246	104	122	183	183	221	221	-	-	95	95	134	136	200	200	295	295
?	4INAA6T6	119	121	186	186	246	246	104	122	183	183	221	222	-	-	95	95	136	136	198	200	-	-
?	4INAA6T7	119	121	186	186	246	246	104	122	183	183	221	222	-	-	95	95	136	136	198	200	283	295
?	4INAA6T8	119	121	186	194	246	246	104	122	183	183	221	221	-	-	95	95	134	136	200	200	283	283
?	4INAA6T9	119	121	186	186	246	246	104	122	183	183	221	222	-	-	95	95	136	136	198	200	-	-
?	5INA31T1	119	119	178	194	244	244	104	142	167	183	222	222	-	-	93	97	142	146	194	198	283	295
?	5INA31T2	117	119	176	178	244	244	-	-	173	182	222	222	-	-	93	93	142	146	196	198	-	-
?	5INA31T3	117	119	178	192	246	246	104	104	173	183	-	-	-	-	93	93	136	142	198	200	-	-
?	5INA31T4	119	119	178	194	244	244	104	142	167	183	222	222	-	-	93	97	142	146	194	198	283	295
?	5INA31T5	117	119	176	178	246	246	104	104	-	-	221	221	-	-	97	101	134	142	200	202	-	-
?	5INA31T6	119	119	-	-	246	246	104	104	173	183	222	222	-	-	93	97	134	146	196	198	-	-
?	5INA31T7	119	119	178	194	244	244	104	142	167	183	222	222	-	-	93	97	142	146	194	198	283	295
?	5INA31T8	119	119	178	194	244	244	104	142	167	183	222	222	-	-	93	97	142	146	194	198	283	295
?	5INA31T9	119	119	178	194	244	244	104	142	167	183	222	222	-	-	93	97	142	146	194	198	283	295
?	5INA32T1	117	125	194	194	246	246	104	106	145	183	222	226	-	-	93	95	136	142	198	198	259	283
?	5INA32T2	117	125	194	194	246	246	104	106	145	183	222	226	-	-	93	95	136	142	198	198	259	283
?	5INA32T3	117	119	194	194	244	246	-	-	182	182	222	222	-	-	95	97	134	146	198	199	-	-
?	5INA32T4	117	121	194	204	246	246	104	112	183	183	222	228	-	-	93	95	132	146	194	198	251	295
?	5INA36T1	-	-	178	178	244	244	-	-	173	173	221	221	-	-	-	-	134	134	198	199	-	-
?	5INA36T2	117	117	192	192	244	244	112	112	183	183	228	228	-	-	93	93	132	132	198	198	251	271
?	5INA36T3	-	-	178	178	244	246	-	-	183	183	-	-	-	-	97	97	132	132	198	198	-	-
?	5INA36T4	117	117	192	192	244	244	112	112	183	183	228	228	-	-	93	93	132	132	198	198	251	271
?	5INA36T5	117	117	192	192	244	244	112	112	183	183	228	228	-	-	93	93	132	132	198	198	251	271
?	5INA36T6	117	117	192	192	244	244	112	112	183	183	228	228	-	-	93	93	132	132	198	198	251	271
?	5INA36T7	117	117	178	178	244	246	-	-	173	183	221	221	-	-	93	97	132	132	198	198	-	-
?	5INA37T1	117	117	178	178	246	246	104	112	169	185	-	-	-	-	97	97	132	134	198	198	-	-
?	5INA37T10	117	117	192	192	244	244	112	112	183	183	228	228	-	-	93	93	132	132	198	198	251	271
?	5INA37T2	117	119	178	190	244	246	-	-	168	168	228	228	-	-	97	97	142	142	200	200	-	-
?	5INA37T3	117	119	178	178	244	244	112	112	159	183	221	222	-	-	97	97	134	134	198	200	-	-
?	5INA37T4	117	117	192	192	244	244	112	112	183	183	228	228	-	-	93	93	132	132	198	198	251	271
?	5INA37T5	117	117	192	192	244	244	112	112	183	183	228	228	-	-	93	93	132	132	198	198	251	271
?	5INA37T6	117	119	178	206	246	246	104	112	169	185	221	222	-	-	95	95	144	146	200	200	257	295
?	5INA37T7	-	-	178	178	244	246	-	-	173	183	-	-	-	-	93	97	132	132	198	200	-	-
?	5INA37T8	117	117	192	192	244	246	112	112	183	183	228	228	-	-	97	97	132	132	198	198	251	271
?	5INA38T1	117	117	192	192	244	244	112	112	183	183	228	228	-	-	93	93	132	132	198	198	251	271
?	5INA38T2	117	119	178	206	246	246	104	112	169	185	221	222	-	-	95	95	144	146	200	200	257	295
?	5INA38T3	117	117	192	192	244	244	112	112	183	183	228	228	-	-	93	93	132	132	198	198	251	271
?	5INA38T5	117	119	178	206	246	246	104	112	169	185	221	222	-	-	95	95	144	146	200	200	257	295
?	5INA39T2	117	119	178	206	246	246	104	112	169	185	221	222	-	-	95	95	144	146	200	200	257	295
?	5INA39T3	117	119	178	206	246	246	104	112	169	185	221	222	-	-	95	95	144	146	200	200	257	295
?	5INA39T6	119	119	-	-	244	244	112	112	159	183	-	-	-	-	97	97	132	132	-	-	-	-
?	5INA39T7	117	117	192	192	244	244	112	112	183	183	228	228	-	-	93	93	132	132	198	198	251	271
?	5INA39T8	119	119	178	206	244	244	104	112	167	183	221	226	-	-	95	97	142	146	194	198	257	269
?	5INA40T1	117	119	176	194	244	244	104	104	173	183	222	226	-	-	93	97	142	148	198	198	257	295
?	5INA40T10	119	121	178	192	244	246	106	142	173	183	221	228	-	-	93	95	132	146	198	200	249	251
?	5INA40T2	117	119	176	194	244	244	104	104	173	183	222	226	-	-	93	97	142	148	198	198	257	295
?	5INA40T3	119	119	176	178	244	244	104	104	173	173	221	221	-	-	93	93	136	146	198	200	261	263
?	5INA40T4	117	119	186	194	246	246	-	-	159	183	-	-	-	-	95	95	134	134	-	-	-	-
?	5INA40T5	117	119	176	194	244	244	104	104	173	183	222	226	-	-	93	97	142	148	198	198	257	295
?	5INA40T6	119	119	95	95	244	246	-	-	173	173	222	222	-	-	97	97	138	146	196	200	-	-
?	5INA40T8	117	119	176	194	244	244	104	104	173	183	222	226	-	-	93	97	142	148	198	198	257	295
?	5INA40T9	117	119	176	194	244	244	104	104	173	183	222	226	-	-	93	97	142	148	198	198	257	295
?	5INAA20T1	119	127	178	192	244	244	102	112	173	183	221	226	-	-	93	97	132	142	194	198	273	283
?	5INAA20T11	119	119	178	178	244	244	102	104	145	183	221	222	-	-	93	97	142	146	194	198	287	295
?	5INAA20T15	117	119	178	194	246	246	122	142	183	183	222	222	-	-	93	95	136	142	198	200	283	283
?	5INAA20T17	117	119	178	194	246	246	122	142	183	183	222	222	-	-	93	95	136	142	198	200	283	283
?	5INAA20T18	121	121	186	194	246	246	104	122	183	183	222	222	-	-	95	95	136	136	200	200	283	295
?	5INAA20T2	119	127	178	192	244	244	102	112	173	183	221	226	-	-	93	97	132	142	194	198	273	283
?	5INAA20T20	119	119	178	178	244	244	102	104	145	183	221	222	-	-	93	97	142	146	194	198	287	295
?	5INAA20T21	121	121	186	194	246	246	104	122	183	183	222	222	-	-	95	95	136	136	200	200	283	295
?	5INAA20T22	117	119	178	194	246	246	122	142	183	183	222	222	-	-	93	95	136	142	198	200	283	283
?	5INAA20T23	119	119	178	178	244	244	102	104	145	183	221	222	-	-	93	97	142	146	194	198	287	295
?	5INAA20T24	117	119	178	194	246	246	122	142	183	183	222	222	-	-	93	95	136	142	198	200	283	283
?	5INAA20T25	117	119	176	194	244	244	104	122	173	183	222	222	-	-	93	97	142	142	196	198	-	-
?	5INAA20T3	117	119	178	194	246	246	122	142	183	183	222	222	-	-	93	95	136	142	198	200	283	283
?	5INAA20T4	119	119	178	178	244	244	102	104	145	183	221	222	-	-	93	97	142	146	194	198	287	295
?	5INAA20T6	117	119	178	178	244	246	102	104	169	183	221	226	-	-	99	99	134	134	204	204	-	-
?	5INAA20T8	117	119	178	178	244	246	122	142	-	-	221	221	-	-	95	95	134	142	202	202	-	-
?	5INAA20T9	121	121	186	194	246	246	104	122	183	183	222	222	-	-	95	95	136	136	200	200	283	295
?	5INAA30T1	109	119	176	178	246	246	104	104	173	183	221	222	-	-	93	97	136	146	198	200	261	271
?	5INAA30T10	-	-	178	190	244	244	-	-	173	183	222	226	-	-	93	97	132	136	198	198	-	-
?	5INAA30T12	-	-	176	194	244	244	104	142	183	183	-	-	-	-	93	97	142	142	198	198	-	-
?	5INAA30T13	109	119	176	178	246	246	104	104	173	183	221	222	-	-	93	97	136	146	198	200	261	271
?	5INAA30T14	119	119	178	194	244	244	104	142	167	183	222	222	-	-	93	97	142	146	194	198	283	295
?	5INAA30T15	119	119	178	194	244	244	104	142	167	183	222	222	-	-	93	97	142	146	194	198	283	295
?	5INAA30T16	109	119	176	178	246	246	104	104	173	183	221	222	-	-	93	97	136	146	198	200	261	271
?	5INAA30T2	-	-	176	190	244	244	-	-	173	183	222	226	-	-	93	97	142	148	196	198	-	-
?	5INAA30T3	-	-	178	190	244	246	-	-	173	173	-	-	-	-	99	99	142	142	198	200	-	-
?	5INAA30T4	117	119	176	194	244	244	104	104	173	183	222	226	-	-	93	97	142	148	198	198	257	295
?	5INAA30T5	-	-	178	178	244	244	-	-	173	183	222	222	-	-	93	93	142	142	198	198	-	-
?	5INAA30T6	109	119	176	178	246	246	104	104	173	183	221	222	-	-	93	97	136	146	198	200	261	271
?	5INAA30T7	-	-	178	190	244	244	-	-	173	183	222	222	-	-	93	97	136	142	198	198	-	-
?	5INAA30T8	-	-	176	176	244	244	-	-	173	183	222	222	-	-	93	97	146	146	198	198	-	-
?	5INAA30T9	119	119	178	194	244	244	104	142	167	183	222	222	-	-	93	97	142	146	194	198	283	295
?	6DCHAA16T1	117	119	178	178	244	244	142	142	183	183	221	221	-	-	97	97	132	146	200	200	257	257
?	6DCHAA16T2	119	119	176	178	244	244	104	104	167	167	221	221	-	-	93	93	146	146	198	200	257	261
?	6DCHAA16T4	117	119	178	178	244	244	142	142	183	183	221	221	-	-	97	97	132	146	200	200	257	257
?	6INA10T1	119	119	178	178	244	244	102	102	167	167	221	221	-	-	93	93	142	142	194	194	287	287
?	6INA10T2	117	119	194	204	244	246	104	112	183	183	222	228	-	-	93	97	132	136	198	198	261	271
?	6INA10T3	119	119	178	178	244	244	102	102	167	167	221	221	-	-	-	-	142	142	194	194	287	287
?	6INA10T4	-	-	178	206	246	246	108	108	-	-	221	221	-	-	93	93	144	152	198	198	-	-
?	6INA10T5	119	119	176	176	244	246	106	106	183	183	221	228	-	-	97	97	132	132	198	198	257	295
?	6INA10T6	117	119	194	204	244	246	104	112	183	183	222	228	-	-	93	97	132	136	198	198	261	271
?	6INA10T7	119	119	178	178	244	246	102	102	167	167	221	221	-	-	93	93	142	142	194	194	283	287
?	6INA10T8	119	119	178	178	244	244	104	112	183	183	222	228	-	-	-	-	132	136	198	198	261	271
?	6INA10T9	119	119	178	178	244	246	102	102	167	167	221	221	-	-	93	93	142	142	194	194	283	287
?	6INA21T1	117	119	178	194	246	246	122	142	183	183	222	222	-	-	93	95	136	142	198	200	283	283
?	6INA21T2	121	121	186	194	246	246	104	122	183	183	222	222	-	-	95	95	136	136	200	200	283	295
?	6INA21T3	-	-	178	178	-	-	104	116	-	-	222	222	-	-	95	97	118	146	200	200	-	-
?	6INA21T4	121	121	194	204	246	246	104	104	183	183	221	221	-	-	95	97	136	136	198	198	-	-
?	6INA21T5	121	121	186	194	246	246	104	122	183	183	222	222	-	-	95	95	136	136	200	200	283	295
?	6INA21T6	121	121	186	194	246	246	104	122	183	183	222	222	-	-	95	95	136	136	200	200	283	295
?	6INA21T7	117	119	178	194	246	246	122	142	183	183	222	222	-	-	93	95	136	142	198	200	283	283
?	6INA22T1	121	121	186	194	246	246	104	122	183	183	222	222	-	-	95	95	136	136	200	200	-	-
?	6INA22T2	119	119	204	204	244	244	124	142	187	187	221	221	-	-	97	97	132	132	198	198	251	257
?	6INA22T3	121	121	194	194	244	244	104	104	173	183	222	222	-	-	95	95	136	136	200	200	283	295
?	6INA22T4	-	-	178	194	244	244	122	142	183	183	222	222	-	-	95	95	136	136	200	200	-	-
?	6INA22T5	119	119	204	204	244	244	124	142	187	187	221	221	-	-	97	97	132	132	198	198	251	257
?	6INA24T1	121	121	186	194	246	246	104	122	183	183	222	222	-	-	95	95	136	136	200	200	283	295
?	6INA24T2	119	119	178	178	244	244	102	104	145	183	-	-	-	-	93	97	142	146	194	198	287	295
?	6INA24T3	121	121	186	194	246	246	104	122	183	183	222	222	-	-	95	95	136	136	200	200	283	295
?	6INA24T4	121	121	-	-	246	246	104	122	183	183	222	222	-	-	95	95	136	136	200	200	283	295
?	6INA24T5	119	121	178	192	244	246	102	104	183	183	221	221	-	-	93	95	142	146	194	194	-	-
?	6INA25T1	119	119	178	190	244	244	104	104	173	183	221	222	-	-	93	97	142	146	198	198	289	295
?	6INA25T2	119	121	194	194	244	244	102	104	-	-	221	222	-	-	95	95	142	146	200	200	251	251
?	6INA25T3	119	119	204	204	244	244	124	142	187	187	221	221	-	-	97	97	132	132	198	198	251	257
?	6INA25T4	119	119	178	190	244	244	104	104	173	183	221	222	-	-	93	97	142	146	198	198	289	295
?	6INA26T1	119	119	178	190	244	244	104	104	173	183	221	222	-	-	93	97	142	146	198	198	289	295
?	6INA26T2	121	121	186	194	246	246	122	122	183	183	221	222	-	-	95	95	136	136	198	198	-	-
?	6INA26T3	-	-	178	190	244	244	104	104	173	183	221	222	-	-	93	97	142	146	198	198	289	295
?	6INA26T4	121	121	186	194	246	246	122	122	183	183	221	222	-	-	95	95	136	136	198	198	283	283
?	6INA26T5	109	119	178	190	244	244	102	122	173	173	221	221	-	-	95	95	142	146	-	-		
?	6INA26T6	119	119	178	190	244	244	104	104	173	183	221	222	-	-	93	97	142	146	198	198	289	295
?	6INA27T1	121	121	186	194	246	246	122	122	183	183	221	222	-	-	95	95	136	136	198	198	283	283
?	6INA27T10	121	121	176	204	244	246	110	112	145	167	221	221	-	-	97	97	138	144	194	198	255	259
?	6INA27T11	119	127	178	192	244	244	102	112	173	183	221	226	-	-	-	-	132	142	194	198	-	-
?	6INA27T12	121	121	186	194	246	246	122	122	183	183	221	222	-	-	95	95	136	136	198	198	283	283
?	6INA27T2	119	127	192	194	246	246	104	112	167	183	221	226	-	-	95	97	132	136	198	200	-	-
?	6INA27T3	121	121	186	194	246	246	122	122	183	183	221	222	-	-	95	95	136	136	198	198	283	283
?	6INA27T4	117	119	194	206	244	244	104	104	183	187	221	222	-	-	95	97	132	146	194	198	271	283
?	6INA27T5	119	125	176	176	246	246	-	-	185	185	221	221	-	-	93	93	134	148	194	198	257	257
?	6INA27T6	117	119	178	178	244	244	104	104	183	185	221	221	-	-	97	97	132	146	198	200	-	-
?	6INA27T7	121	121	186	194	246	246	122	122	183	183	221	222	-	-	95	95	136	-	-	198	283	283
?	6INA27T8	117	119	176	194	244	244	104	104	173	183	222	226	-	-	93	97	142	148	198	198	257	295
?	6INA27T9	121	121	186	194	-	-	122	122	183	183	221	222	-	-	-	-	136	136	198	198	-	-
?	6INA29T1	109	119	176	178	246	246	104	104	173	183	221	222	-	-	93	97	136	146	198	200	-	-
?	6INA29T10	117	119	178	194	244	246	104	104	145	183	222	222	-	-	93	95	136	142	194	200	283	283
?	6INA29T11	109	119	176	178	246	246	104	104	173	183	221	222	-	-	93	97	136	146	198	200	261	271
?	6INA29T12	119	119	176	206	224	224	102	104	18	183	221	228	-	-	93	97	138	142	200	200	-	-
?	6INA29T13	-	-	178	194	244	246	104	104	145	183	222	222	-	-	93	95	136	142	194	200	283	283
?	6INA29T14	109	119	176	178	246	246	104	104	173	183	221	222	-	-	93	97	136	146	198	200	-	-
?	6INA29T2	119	119	204	206	244	246	104	106	143	175	226	228	-	-	97	97	144	146	198	198	249	249
?	6INA29T3	109	119	176	178	246	246	104	104	173	183	221	222	-	-	93	97	136	146	198	200	261	271
?	6INA29T4	117	119	178	194	244	246	104	104	145	183	-	-	-	-	93	95	136	142	194	200	-	-
?	6INA29T5	117	119	178	194	244	246	104	142	145	183	222	222	-	-	93	97	142	146	194	198	283	295
?	6INA29T6	-	-	176	178	246	246	-	-	173	183	221	222	-	-	93	97	136	146	198	200	261	271
?	6INA29T7	117	119	178	194	244	246	104	104	145	183	222	222	-	-	93	95	136	142	194	200	-	-
?	6INA29T8	117	125	194	194	246	246	104	106	145	183	222	226	-	-	93	95	136	142	198	198	259	283
?	6INA29T9	109	119	176	178	246	246	104	104	173	183	221	222	-	-	93	97	136	146	198	200	261	271
?	6INA2T1	119	121	186	194	246	246	104	122	183	183	221	222	-	-	95	95	134	136	198	198	283	295
?	6INA2T2	117	119	-	-	246	246	106	112	167	177	-	-	-	-	95	95	132	134	194	198	251	269
?	6INA2T3	119	121	186	194	246	246	104	122	183	183	221	222	-	-	95	95	134	136	198	198	283	283
?	6INA2T4	119	121	186	186	246	246	122	122	183	183	221	221	-	-	95	95	134	136	198	198	-	-
?	6INA3T1	119	119	178	178	244	244	102	102	167	167	221	221	-	-	93	93	142	142	194	194	287	287
?	6INA3T2	119	119	178	178	244	244	102	102	167	167	221	221	-	-	93	93	142	142	194	194	287	287
?	6INA3T3	119	119	178	178	244	244	102	102	167	167	221	221	-	-	93	93	142	142	194	194	287	287
?	6INA3T4	117	119	194	204	244	246	104	112	183	183	222	228	-	-	93	97	132	136	198	198	261	271
?	6INA40T12	117	119	176	194	244	244	104	104	173	183	222	226	-	-	93	97	142	148	198	198	257	295
?	6INA40T13	117	119	176	194	244	244	104	104	173	183	222	226	-	-	93	97	142	148	198	198	257	295
?	6INA40T14	119	119	178	190	244	244	104	104	173	183	221	222	-	-	93	97	142	146	198	198	289	295
?	6INA51T1	117	119	178	204	244	246	106	112	183	183	221	228	-	-	95	95	132	132	198	198	257	271
?	6INA51T10	119	119	178	178	244	246	104	104	167	173	221	222	-	-	97	97	136	146	198	200	257	271
?	6INA51T2	117	119	178	204	244	246	106	112	183	183	221	228	-	-	95	95	132	132	198	198	-	-
?	6INA51T3	119	119	178	178	244	246	104	104	167	173	221	222	-	-	97	97	136	146	198	200	257	271
?	6INA51T4	-	-	178	204	244	246	106	112	183	183	221	228	-	-	95	95	132	132	198	198	-	-
?	6INA51T5	117	119	178	204	244	-	-	112	183	183	221	228	-	-	95	95	132	132	198	198	257	271
?	6INA51T6	117	119	178	204	244	246	104	104	167	173	221	222	-	-	-	-	136	146	198	200	-	-
?	6INA51T7	119	119	176	206	244	244	106	110	161	183	221	228	-	-	93	97	132	132	194	198	251	257
?	6INA51T8	-	-	178	178	244	246	104	104	167	173	221	222	-	-	97	97	136	146	198	200	257	271
?	6INA51T9	109	129	176	176	224	224	102	128	153	167	221	222	-	-	93	93	116	148	194	198	-	-
?	6INA52T1	119	119	194	194	246	246	104	104	153	153	221	221	-	-	-	-	136	136	198	198	269	283
?	6INA52T2	119	127	176	192	244	244	106	112	167	173	221	226	-	-	97	101	132	136	194	198	257	273
?	6INA52T3	119	119	178	178	244	246	104	104	167	173	221	222	-	-	97	97	136	146	198	200	257	271
?	8DCHAP1T3	109	119	178	178	244	246	104	104	173	173	221	221	-	-	93	93	136	136	198	200	-	-
?	8DCHAP1T4	119	178	178	244	244	142	142	183	183	221	221	95	-	-	95	132	136	198	198	261	261	
?	8DCHAP2T2	109	119	178	178	244	246	104	104	173	173	221	221	-	-	93	93	136	136	198	200	-	-
?	8DCHAP2T3	117	119	178	206	244	244	104	124	167	183	221	221	-	-	93	95	132	132	198	198	-	-
?	8DCHAP3T3	127	127	-	-	-	-	102	142	171	173	-	-	-	-	95	97	132	132	-	-	-	-
?	8DCHAP3T4	119	119	178	194	246	246	104	104	183	183	221	222	-	-	97	97	142	142	198	198	257	283
?	8DCHAP3T5	117	119	178	206	244	244	104	124	167	183	221	221	-	-	93	95	132	132	198	198	251	257
?	8DCHAP3T6	119	119	206	206	246	246	122	142	173	187	221	226	-	-	95	97	142	142	198	198	-	-
?	8DCHAP5T10	109	119	178	178	244	246	104	104	173	173	221	221	-	-	93	93	136	136	198	200	-	-
?	8DCHAP5T7	-	-	178	178	244	244	142	142	183	183	221	221	-	-	95	95	132	136	198	198	-	-
?	8DCHAP5T8	109	119	178	178	244	246	104	104	173	173	221	221	-	-	93	93	136	136	198	200	-	-
?	8DCHAP5T9	117	119	178	178	244	244	142	142	183	183	221	221	-	-	95	95	132	136	198	198	-	-
?	8DCHAP7T2	109	119	176	194	244	246	104	104	167	173	221	222	-	-	93	97	136	146	194	198	-	-
?	8ESQa19T2	119	127	192	194	244	244	104	116	167	173	221	228	-	-	95	97	132	146	198	200	-	-
?	8ESQa19T3	-	-	178	192	244	246	112	116	173	173	221	226	-	-	95	97	132	-	198	198	-	-
?	8ESQN14T2	-	-	178	-	244	246	106	-	173	183	221	228	-	-	95	97	132	134	200	200	-	-
?	8INa18T3	-	-	178	-	246	246	104	104	161	173	-	-	-	-	95	97	134	142	-	-	283	283
?	8INa18T4	119	119	178	194	244	246	104	122	173	183	221	222	-	-	95	97	136	146	198	200	271	295
?	8INa18T5	117	121	194	204	246	246	104	112	183	183	222	228	-	-	93	95	132	146	194	198	-	-
?	8INa18T6	117	119	178	194	244	244	102	104	167	183	222	222	-	-	93	93	142	142	194	198	285	289
?	8INa19T2	119	119	178	190	244	244	124	124	167	173	221	221	-	-	97	97	142	146	198	198	271	289
?	8INa2T1	117	119	178	178	246	246	104	142	145	183	222	222	-	-	93	97	142	146	194	194	287	295
?	8INa32T2	119	119	178	194	244	246	104	104	167	173	-	-	-	-	97	97	134	142	198	198	-	-
?	8INa35T3	119	119	178	190	244	244	104	104	173	183	221	222	-	-	93	97	142	146	198	198	-	-
?	8INa76T2	119	119	178	178	244	246	104	116	183	183	221	222	-	-	97	97	132	132	198	198	-	-
?	8INN1T2	117	119	178	204	244	246	104	104	183	183	221	221	-	-	95	95	142	142	194	194	271	283
?	8INN28T2	119	119	178	190	244	244	104	104	173	183	221	222	-	-	93	97	142	146	198	198	-	-
?	8INN29T2	109	119	194	194	244	244	104	142	167	183	222	222	-	-	93	97	142	144	194	198	-	-
?	8INN31T2	119	119	178	178	244	246	104	104	167	167	221	222	-	-	93	97	142	144	194	200	-	-
?	8INN35T2	109	109	176	176	246	246	104	104	173	173	221	221	-	-	93	93	136	146	198	198	263	263
?	8INN35T3	109	109	176	176	246	246	104	104	173	173	221	221	-	-	93	93	136	146	198	198	263	263
?	8INN36T2	-	-	178	192	244	246	106	142	173	183	221	228	-	-	93	95	132	146	198	200	-	-
?	8INN47T2	117	119	178	204	244	246	104	104	173	183	221	221	-	-	95	95	132	142	194	198	-	-
?	8INN4T2	119	121	194	194	246	246	104	122	183	183	221	221	-	-	95	95	134	136	200	200	295	295
?	8INN4T3	119	121	194	194	246	246	104	122	183	183	221	221	-	-	95	95	134	136	200	200	295	295
?	8INN4T4	119	121	194	194	246	246	104	122	183	183	221	221	-	-	95	95	134	136	200	200	295	295
?	8INN63T2	117	119	186	194	244	246	122	142	145	183	222	222	-	-	95	97	136	142	194	200	-	-
?	8INN63T3	117	119	186	194	244	246	122	142	145	183	222	222	-	-	95	97	136	142	194	200	-	-
?	8INN63T4	117	119	186	194	244	246	122	142	145	183	222	222	-	-	95	97	136	142	194	200	-	-
?	8INP36T2	119	119	178	186	246	246	104	122	183	183	221	222	-	-	95	95	136	136	198	198	-	-
?	8INP3T2	109	119	206	206	244	246	102	142	167	183	221	226	-	-	95	97	136	142	194	198	271	283
?	8INP44T2	117	119	178	186	246	246	110	142	183	183	222	228	-	-	93	97	132	142	194	198	-	251
?	8INP44T3	119	121	194	194	246	246	104	122	183	183	221	221	-	-	95	95	134	136	200	200	295	295
?	8INP53T3	121	121	186	194	246	246	104	122	183	183	222	222	-	-	95	95	136	136	200	200	283	295
?	8INP53T4	119	121	178	194	246	246	104	122	183	183	221	221	-	-	95	97	136	136	198	200	271	283
?	8INP53T5	119	119	178	190	244	244	104	104	173	183	221	222	-	-	93	97	142	146	198	198	289	295
?	8INP71T2	119	119	200	200	244	246	104	124	175	185	221	222	-	-	97	101	132	132	198	198	-	-
?	8INP73T2	119	119	178	190	244	244	104	124	173	173	221	221	-	-	97	97	142	146	198	198	271	271
?	8INP73T3	119	119	190	190	246	246	104	124	177	177	221	221	-	-	93	97	132	132	198	200	251	261
?	8INP73T4	119	119	190	190	246	246	104	124	177	177	221	221	-	-	93	97	132	132	198	200	251	261
?	8INP75T2	119	119	194	194	246	246	104	104	167	183	221	222	-	-	97	97	142	142	198	198	257	283
?	8INP79T2	119	119	178	178	244	246	104	104	183	183	222	222	-	-	93	93	142	142	194	194	287	287
?	8INP80T2	119	121	178	178	244	244	104	124	173	183	221	221	-	-	97	97	142	142	198	200	-	-
?	8INP80T3	117	119	178	194	246	246	104	104	161	183	221	-	-	-	95	95	136	142	198	198	-	-
?	8INR14T1	-	-	194	206	244	244	104	104	183	187	221	222	-	-	95	97	132	146	194	198	-	-
?	8INR19T1	117	121	178	194	244	246	104	122	167	183	222	222	-	-	93	95	134	146	198	198	-	-
?	8INR19T2	119	119	178	178	244	246	104	116	183	183	221	221	-	-	97	97	132	142	198	198	257	261
?	8INR19T3	119	119	178	178	244	246	104	116	183	183	221	221	-	-	97	97	132	142	198	198	257	261
?	8INR21T2	119	119	190	190	246	246	104	124	177	177	221	221	-	-	93	97	132	132	198	200	251	261
?	8INR30T2	117	119	178	204	244	246	104	104	169	183	221	226	-	-	95	95	134	142	194	198	271	271
?	8INR44T1	119	121	178	178	244	244	104	104	167	167	221	221	-	-	97	97	134	142	198	198	-	-
?	8INR5T1	117	119	178	204	244	246	104	104	169	183	221	226	-	-	95	95	134	142	194	198	271	271
?	8INR60T1	119	119	190	190	246	246	104	124	177	177	221	221	-	-	93	97	132	132	198	200	251	261
?	8INR60T2	119	119	190	190	246	246	104	124	177	177	221	221	-	-	93	97	132	132	198	200	251	261
?	8INR60T3	119	119	190	190	246	246	104	124	177	177	221	221	-	-	93	97	132	132	198	200	251	261
?	8INR61T2	119	119	178	178	244	246	102	102	183	183	221	222	-	-	93	93	142	142	194	198	287	287
?	8INR6T2	119	119	190	190	246	246	104	124	177	177	221	221	-	-	93	97	132	132	198	200	251	261
?	8INR7T2	117	119	178	204	244	246	104	104	169	183	221	226	-	-	95	95	134	142	194	198	-	-
