Prunus mahaleb, 11 loci microsatellites, 10 poplations
Fam001 FamMg3 Fam018 Tet403 TetE02 TetMC4 TetMC5 Hex406 Hex402 HexA05 HexH03                                                           
Pop
NC_357    ,    119121    178192    244246    106142    173183    221228    231235    093095    132146    198200    249251
NC_359    ,    119121    194194    244246    122124    183183    222228    235235    093095    142148    198200    257297
NC_360    ,    119119    178194    246246    104142    161173    221226    231235    095097    134142    194200    283295
NC_362    ,    119119    178194    244246    104104    167183    222222    231235    093093    142146    194198    283295
NC_364    ,    117119    194194    244246    104142    145161    222226    231231    095097    134142    194198    261295
NC_365    ,    117119    176194    244244    104104    173183    222226    231231    093097    142148    198198    257295
NC_372    ,    117119    178194    244246    104142    145183    222222    231231    093097    142146    194198    283295
NC_373    ,    117119    194206    244244    104104    183187    221222    231235    095097    132146    194198    271283
NC_375    ,    117117    178204    244246    104104    183183    221221    231231    095095    142142    198198    283283
NC_377    ,    117119    178178    246246    104142    145183    222222    231235    093097    142146    194194    287295
NC_378    ,    119119    178178    244246    102104    167169    222222    231231    093095    142142    198198    271287
NC_379    ,    119121    186194    246246    104122    145183    221222    231235    095097    134146    194200    283295
NC_380    ,    117119    178204    244246    104104    169183    221226    231231    095095    134142    194198    271271
NC_385    ,    119119    178178    244246    104104    169183    222226    231231    095095    134142    198198    271283
NC_396    ,    117121    178186    244246    104104    145183    221222    231235    093095    134146    194200    295295
NC_397    ,    119119    178178    244246    102102    183183    221222    231235    093093    142142    194198    287287
NC_398    ,    119119    178178    244246    104104    183183    222222    231235    093093    142142    194194    287287
NC_399    ,    119119    178178    244246    102104    183183    221222    231235    093093    142142    198198    283283
NC_400    ,    119119    178178    244246    102102    167183    221222    231231    093093    142142    198198    283287
NC_1820   ,    119119    178204    244246    110116    173183    221226    235235    093107    132132    198200    249287
NC_1821   ,    119119    176178    244244    104104    173173    221221    231231    093093    136146    198200    261263
NC_1822   ,    119119    178194    244246    122142    145183    222222    231231    093095    134146    194198    283295
NC_1823   ,    109119    178178    244246    104104    173173    221221    231231    093093    136136    198200    263263
NC_1824   ,    117119    178178    244244    142142    183183    221221    231231    095095    132136    198198    261261
NC_1825   ,    117119    178206    244244    104124    167183    221221    231235    093095    132132    198198    251257
NC_1826   ,    119119    178194    246246    104104    183187    222228    231235    093097    142146    198198    257257
NC_1827   ,    119119    178194    246246    104104    183183    221222    231231    097097    142142    198198    257283
NC_1828   ,    119119    178194    246246    104104    167183    221222    231231    097097    142142    198198    257283
NC_1829   ,    119119    178178    246246    104104    167167    221221    231231    097097    142142    198198    257283
NC_1830   ,    117121    178178    244246    104104    183187    221222    235235    093095    142146    198200    257257
NC_1831   ,    119119    178194    244246    104122    173183    221222    231231    095097    136146    198200    271295
NC_1832   ,    119119    178178    244244    106142    145187    221222    231235    093097    118142    198198    283283
NC_1833   ,    119121    178194    246246    104122    173183    222222    231235    095095    136142    198200    257295
NC_1834   ,    119119    178178    244246    104104    167173    221222    231231    097097    136142    198198    257289
NC_1835   ,    119127    178206    246246    104104    159173    221222    231231    095095    134136    198198    257295
NC_1836   ,    109119    178178    244246    104104    173173    221222    231231    093097    136136    198200    257261
NC_1837   ,    119119    178178    244246    104124    173183    221221    231231    097097    142146    198198    257289
NC_1838   ,    119127    192206    244244    106110    167173    221221    231231    093095    132146    198200    259283
NC_1839   ,    119119    178206    244246    104118    167183    221222    231231    097101    142144    198198    257275
NC_1841   ,    119119    178178    244246    104104    167167    221222    231231    093097    142144    194200    257283
NC_1842   ,    109119    176176    244246    104104    173173    221221    231231    093093    136146    200200    261263
NC_1843   ,    119119    178178    244246    104116    183183    221221    231235    097097    132142    198198    257261
NC_1844   ,    117119    178194    244246    104104    145183    222222    231231    093095    136142    194200    283283
NC_1845   ,    121121    186194    246246    122122    183183    221222    231235    095095    136136    198198    283283
NC_1846   ,    119119    178178    244244    102104    145183    221222    231231    093097    142146    194198    287295
NC_1847   ,    121121    186194    246246    104122    183183    222222    235235    095095    136136    200200    283295
NC_1848   ,    119121    186186    246246    104122    183183    222222    231235    095095    134136    198198    283283
NC_1849   ,    119119    190190    244244    104124    173173    221221    231231    097097    146146    198198    271289
NC_1850   ,    119121    186194    246246    104104    183183    221221    235235    095095    136136    198198    283283
NC_1921   ,    119119    194194    246246    104104    167183    221222    231231    097097    142142    198198    283283
NC_1922   ,    117125    194194    246246    104106    145183    222226    231235    093095    136142    198198    259283
NC_1923   ,    117121    194204    246246    104112    183183    222228    231235    093095    132146    194198    251295
NC_1924   ,    119119    178194    244244    104142    167183    222222    231235    093097    142146    194198    283295
NC_1925   ,    109119    176178    246246    104104    173183    221222    231231    093097    136146    198200    261271
NC_1926   ,    119119    178190    244244    104104    173183    221222    231231    093097    142146    198198    289295
NC_1927   ,    119119    178178    244246    102104    183183    221222    231235    093093    142142    194198    283287
NC_1928   ,    117119    178194    246246    122142    183183    222222    231231    093095    136142    198200    283283
NC_1929   ,    119119    178190    244244    104124    167173    221221    231231    097097    142146    198198    271289
NC_1930   ,    119119    178190    244246    104124    167183    221222    231231    095097    134142    198198    271271
NC_1931   ,    119119    178178    246246    104104    183183    221221    231231    097097    142142    198198    257257
NC_1932   ,    119119    178194    246246    104104    167187    221221    231231    093097    142146    198198    261283
NC_1933   ,    119119    176178    244244    104104    173173    221221    231231    093093    136146    200200    261263
NC_1934   ,    119119    178194    246246    104104    183183    221222    231231    097097    142142    198198    257257
NC_1935   ,    119127    186194    244246    102106    153167    228228    231235    093097    136142    198200    257269
NC_1936   ,    119119    186186    246246    104104    183183    221222    231231    095095    134136    200200    283283
NC_1937   ,    119119    178178    246246    104106    169187    221226    231235    093095    118134    198198    271283
NC_1938   ,    119121    178194    246246    104122    183183    221221    231235    095097    136136    198200    271283
NC_1939   ,    119119    178194    246246    104104    183183    221221    231231    095097    142142    198198    257271
NC_1940   ,    119119    178190    244246    104124    173183    221226    231231    095097    142146    198198    283289
NC_1941   ,    119119    178178    246246    104104    183183    221221    231231    097097    142142    198198    257283
NC_871    ,    117119    178194    244244    104104    183183    222222    231231    093097    142148    198198    295295
NC_873    ,    119119    178178    246246    102104    167167    221222    235235    093093    142142    198198    283287
NC_1065   ,    119119    178194    246246    104104    167183    222222    231231    097097    142142    198198    257283
NC_1066   ,    119119    178194    246246    104104    183183    221222    231231    097097    142142    198198    257283
NC_1067   ,    119119    194194    246246    104104    167183    221222    231231    097097    142142    198198    257283
NC_1069   ,    117119    178178    244244    104104    183185    221221    231231    097097    132146    198200    261261
NC_1070   ,    117119    178178    244244    106106    167167    221221    231231    095095    118146    200200    263263
NC_1072   ,    119119    178178    244244    104142    183183    221226    231231    095097    142146    198198    257283
NC_1073   ,    109119    178206    244244    104104    173183    221221    231231    093093    136146    198200    249263
NC_1074   ,    117119    178178    244244    142142    183183    221221    231231    097097    132146    200200    257257
NC_1075   ,    117119    178178    244244    104104    183185    221221    231231    095097    146146    198200    257257
NC_1076   ,    119119    178178    244244    104142    183185    221221    231231    095095    132136    200200    257261
NC_1077   ,    117119    178178    244244    104142    183183    221221    231231    095097    132136    198198    261261
NC_1078   ,    117119    178178    244244    104142    167185    221221    231231    095095    132132    200200    257261
NC_1080   ,    117119    178178    244244    104104    185185    221221    231231    095097    132146    198200    257261
NC_1081   ,    117119    178178    244244    104142    183185    221221    231231    095097    132146    198200    257261
NC_1082   ,    119119    178178    244246    104104    167183    221222    231231    093095    132142    194200    261283
NC_1083   ,    117117    178178    244244    104142    183183    221221    231231    095097    146146    198200    257261
NC_1084   ,    119119    178178    244244    142142    183183    221221    231231    097097    132146    198200    257261
NC_1085   ,    119119    176178    244244    104104    167167    221221    231231    093093    146146    198200    257261
NC_1086   ,    119119    176178    244244    104104    173173    221221    231231    093093    146146    198200    263263
NC_1087   ,    119119    176206    244244    104110    173183    221221    231231    093093    146146    200200    249261
NC_1089   ,    119119    206206    246246    122142    173187    221226    231235    095097    142142    198198    259259
NC_1090   ,    119119    178178    244246    104104    167183    221221    231231    095097    136142    198200    261283
NC_1091   ,    109119    178178    244244    104104    173173    221221    231231    093093    136146    198200    261263
NC_1092   ,    119119    178206    246246    110122    173173    221222    231231    093095    118142    198200    251295
NC_1093   ,    119119    178194    244246    104122    183187    221222    231235    093095    136146    200200    263295
NC_1094   ,    119119    178190    244246    104124    167173    221221    231231    097097    142142    198198    257289
NC_1095   ,    117119    178192    246246    104110    167173    221221    235235    095095    132146    198202    263271
NC_1096   ,    119119    178178    246246    104104    167183    221221    231231    097097    142142    198198    257283
NC_1097   ,    119119    194194    246246    104104    167167    221221    231231    097097    142142    198198    257283
NC_1098   ,    119119    178178    244246    104104    173183    221221    231231    095097    142146    198198    257271
NC_1099   ,    119121    178194    244246    104104    173187    221222    231235    095097    142146    200200    257271
NC_1100   ,    119119    178186    246246    104104    173183    221222    231231    095097    134136    198198    257295
NC_1101   ,    117117    178192    246246    110110    173173    221221    235235    095095    132146    202202    263271
NC_1102   ,    119119    178178    246246    104104    173183    221221    231231    097097    136142    198198    257283
NC_1103   ,    117121    178192    244246    104112    183183    222228    231231    093093    132142    198198    271283
NC_1104   ,    119119    190190    246246    104124    177185    226226    235235    093097    132132    198200    251261
NC_1105   ,    117119    178194    246246    104104    183183    221221    231231    095097    142142    198198    271283
NC_1106   ,    119119    178204    246246    104104    173183    221221    231231    095095    132142    194198    271283
NC_1107   ,    119119    192194    246246    104104    167173    221222    231235    095095    136146    200202    257263
NC_1108   ,    119119    178190    244244    104124    173173    221221    231231    097097    142146    198198    271271
NC_1109   ,    117119    178204    244246    104104    173173    221221    231231    095095    132132    198198    271271
NC_1110   ,    117119    190190    244246    124124    173185    221226    235235    093093    132146    198198    251257
NC_1111   ,    119119    204204    244244    124142    187187    221221    231231    097097    132132    198198    251257
NC_1112   ,    119119    190204    244244    104124    173187    221228    231235    093093    132146    198202    261289
NC_1113   ,    117117    178178    246246    104104    173183    221221    231235    095095    142146    198198    263283
NC_1115   ,    109119    206206    244246    102142    167183    221226    231231    095097    136142    194198    271283
NC_1116   ,    119129    200206    244246    104124    175185    221222    231231    097101    132146    198198    251261
NC_1117   ,    119119    178194    244246    104142    145183    221222    231235    093097    118142    198198    257283
NC_1118   ,    119119    178194    246246    104104    167183    221222    231231    095095    134142    198200    283295
NC_1119   ,    119119    194194    244244    104104    173173    222222    231235    097097    134134    198200    283283
NC_1120   ,    117119    178178    244244    104116    167183    221222    231235    095097    132142    194198    261283
NC_1121   ,    119119    178178    244246    102104    183183    221222    231231    093097    142142    194198    283283
NC_1122   ,    119119    190190    244244    104124    167167    221221    231231    097097    142142    198198    271289
NC_1123   ,    119119    178190    244244    104124    173183    221222    231235    093097    142142    198198    283289
NC_1124   ,    119119    178178    244244    124124    167167    221221    231231    097097    142146    198198    271289
NC_1125   ,    119119    178178    244244    104124    173183    221226    231231    095097    142146    198198    283289
NC_1126   ,    119119    178206    244244    104124    167175    228228    231235    095101    134134    198202    271275
NC_1127   ,    119119    178190    244244    104124    167173    221221    231231    097097    146146    198198    271289
NC_1129   ,    119119    178194    244246    104104    167173    221222    231235    097097    134136    198200    283283
NC_1132   ,    119119    186194    246246    104104    183183    221222    231235    095095    136136    198200    283283
NC_1133   ,    119119    178178    244246    104110    167183    221222    231231    093095    132136    198198    251283
NC_1135   ,    119119    178178    244246    104104    167173    221222    231235    097097    136146    198200    257271
NC_1137   ,    117117    192192    244244    112112    183183    228228    235235    093093    132132    198198    251271
NC_1138   ,    117119    178206    246246    104112    169185    221222    231231    095095    144146    200200    257295
NC_1155   ,    119125    194204    246246    106106    183183    226228    231231    093095    132136    198198    259271
NC_1156   ,    119119    178178    246246    104116    183183    221221    231235    097097    142142    198198    257257
NC_1161   ,    119119    178206    244244    104112    167183    221226    231235    095097    142146    194198    257269
NC_1164   ,    117119    178194    244246    104142    145183    222222    231231    095097    136146    198200    283295
NC_1165   ,    109117    176194    246246    104142    167183    221222    231235    093097    136142    194200    261283
NC_1169   ,    119121    186194    246246    104122    183183    221222    231235    095095    134136    198198    283283
NC_1170   ,    117119    178204    244246    104104    183183    221221    231231    095095    142142    194194    271283
NC_1173   ,    117119    178194    244246    104104    183183    221222    231231    093097    142142    198198    287295
NC_1175   ,    117119    204204    246246    104104    173183    221221    231231    095095    132142    198198    271271
NC_1176   ,    119121    186186    246246    104122    183183    222222    231235    095095    134136    198200    295295
NC_1177   ,    119121    186194    246246    104122    183183    221222    231235    095095    134136    198200    283295
NC_1178   ,    119121    186186    246246    122122    183183    221221    231235    095095    134136    198198    283295
NC_1179   ,    119119    178178    244246    104104    167167    221222    235235    093093    142142    194198    283287
NC_1181   ,    119121    194194    246246    104122    183183    221221    231235    095095    134136    200200    295295
NC_1182   ,    119119    178178    246246    102104    167183    222222    231231    093093    142142    198198    283287
NC_1183   ,    119121    186186    246246    104122    183183    221222    231231    095095    136136    198200    283295
NC_1184   ,    119121    186194    246246    122122    183183    221222    235235    095095    136136    198200    283295
NC_1186   ,    119119    178190    244244    104104    167173    221221    231231    097097    142146    198198    271289
NC_1188   ,    119119    178190    244244    124124    167173    221221    231231    097097    142146    198198    271289
NC_1189   ,    117119    178204    244246    104104    173183    221221    231231    095095    132142    194198    271283
NC_1190   ,    119121    186194    246246    104104    183183    221222    231235    095095    134136    200200    283295
NC_1191   ,    117119    194204    244246    104112    183183    222228    231235    093097    132136    198198    261271
NC_1192   ,    119119    178178    244244    102102    167167    221221    231235    093093    142142    194194    287287
NC_1193   ,    119121    186194    246246    104122    183183    221221    231231    095095    134136    200200    283283
NC_1195   ,    119119    178178    244246    102102    167167    221221    231235    093093    142142    194194    283287
NC_1196   ,    119119    178178    244246    102104    167167    222222    231235    093093    142142    198198    287287
NC_1198   ,    117119    178206    244244    106110    161173    221228    231231    093095    132144    194198    257281
NC_1199   ,    117119    178178    244244    142142    183183    221221    231231    095097    132146    200200    257261
NC_358    ,    119119    178194    244246    104104    173173    221222    231231    093097    134146    194200    283283
NC_361    ,    117119    178194    244246    102142    167183    221222    231235    093093    142142    194194    283283
NC_367    ,    119121    186194    246246    104122    183183    221222    231235    095095    134136    198198    283295
NC_369    ,    117117    178204    244246    104106    183183    222228    231231    093095    132142    198198    271295
NC_370    ,    119127    178194    244246    104104    167183    222222    231231    093097    142146    198198    271283
NC_382    ,    119119    178190    244244    104124    173173    221221    231231    097097    146146    198198    289289
NC_383    ,    119119    178190    244246    104124    169173    221222    231231    095097    142142    198198    271283
NC_387    ,    119119    178190    244244    104124    167173    221221    231231    097097    142146    198198    271289
NC_388    ,    119119    178190    244244    104124    167173    221221    231231    097097    142142    198198    271289
NC_390    ,    119119    190190    244244    104104    167167    221221    231231    097097    142142    198198    271271
NC_391    ,    117119    186194    244246    122142    145183    222222    231235    095097    136142    194200    283295
NC_1851   ,    119119    190190    246246    104124    177177    221221    235235    093097    132132    198200    251261
NC_966    ,    117119    178204    244246    106112    183183    221228    231235    095095    132132    198198    257271
NC_967    ,    119119    178178    244246    104104    167183    228228    231231    095097    132136    198198    259259
NC_968    ,    119119    178190    244246    104124    167183    221228    231231    097097    132146    198198    259289
NC_969    ,    117119    176178    244246    104112    167183    221221    231231    095097    142146    198200    257271
NC_970    ,    117119    178196    244246    104112    167167    221226    231235    097097    132142    198198    271273
NC_971    ,    119127    192194    246246    104112    167183    221226    231235    095097    132136    198200    273283
NC_972    ,    119127    176192    244244    106112    167173    221226    231235    097101    132136    194198    257273
NC_973    ,    117119    178192    244244    102104    173183    226226    231231    095097    132142    198198    271273
NC_974    ,    119127    196206    246246    104112    167183    221228    235235    097107    116116    198198    261271
NC_975    ,    119127    178192    244246    112116    173173    221228    231231    095097    132132    198200    251261
NC_976    ,    127127    178192    244246    104112    173173    221226    231235    093097    132146    198198    273283
NC_977    ,    119127    194196    244246    102112    167169    226228    231235    095097    132132    198200    271273
NC_978    ,    119127    194196    244244    102102    167173    221228    231235    095097    132132    194198    251261
NC_979    ,    119127    194206    244246    102116    169173    221228    231231    095097    132132    198200    271273
NC_980    ,    127127    178196    244246    102118    167173    226228    231235    097097    132132    198198    261273
NC_981    ,    117127    178192    244246    102112    173183    000000    231235    097097    132148    198202    261271
NC_982    ,    117119    178192    244246    112116    173173    221226    235235    095097    132146    198198    251261
NC_983    ,    119127    178192    244244    102112    173183    221226    231231    093097    132142    194198    273283
NC_984    ,    117119    192196    246246    102106    167173    228228    231231    093097    132132    198198    261273
NC_985    ,    117119    176192    244244    112112    143173    221226    231235    097097    132146    194198    261267
Pop
RB_CAR3   ,    119127    204206    244244    104110    173173    221226    231235    095095    136144    198198    257295
RB_CAR5   ,    127127    186186    244244    104104    161161    226226    235235    101101    116116    194198    261269
RB_CAR6   ,    127127    186194    244244    104104    143143    226226    231231    095101    116116    198198    261269
RB_R7     ,    127127    186194    244244    104104    161161    226226    235235    095101    134134    194198    269269
RB_R8     ,    119119    192192    246246    112122    173173    221221    231231    101101    134134    200200    269269
RB_R9     ,    119119    204204    246246    104104    143143    221221    231231    095095    136136    198198    263263
RB_RBR1   ,    117117    176206    246246    124124    185185    221228    231231    095095    144144    200200    257257
RB_RBR3   ,    127127    186186    244244    104104    143143    226226    231231    095101    116116    198198    261261
RB_RBR4   ,    127127    186186    244244    104104    143143    226226    231231    101101    116116    198198    261269
RB_RBR5   ,    127127    186194    244244    104104    143143    226226    231231    101101    116116    198198    261261
RB_RBR6   ,    117119    176206    244246    110124    143185    221228    231231    095095    134144    198200    263263
Pop
CM_701    ,    109119    178178    244246    102102    173173    222226    231231    097097    132132    198198    283283
CM_702    ,    121127    178194    244244    102102    161175    221226    231231    097097    132132    198198    259271
CM_703    ,    121127    178194    244244    102102    175175    226226    231231    097097    132132    198198    259259
CM_704    ,    109109    176178    244246    102102    173175    226226    231231    097097    132132    198198    281281
CM_705    ,    109119    176178    244246    102104    173175    222226    231231    097097    132132    198198    281283
CM_706    ,    109119    176178    246246    102102    173173    222226    231231    097097    132132    198198    281283
CM_707    ,    109109    178178    244244    102104    173175    222226    231231    097097    132132    198198    281283
CM_708    ,    109109    176178    244246    102104    175175    222226    231231    097097    132132    198198    281283
CM_709    ,    121121    178178    244244    102102    161175    226226    231231    097097    132146    198198    259271
CM_CM710  ,    109127    178178    244246    102106    177185    221226    231231    093095    132144    194198    257273
CM_711    ,    109119    178192    246246    102102    161177    221221    231231    097097    132144    198198    271273
CM_712    ,    117119    178194    246246    102106    143185    221226    231231    093093    132144    198198    269271
CM_CM713  ,    117119    178204    244246    102106    161167    221221    231231    093097    132144    198198    251273
CM_715    ,    109119    178178    244246    104104    175175    222226    231231    097097    132132    198198    281283
CM_CMNM1  ,    121127    178178    244246    102102    175175    221226    231231    097097    146146    198198    271271
Pop
CL_CL6    ,    113113    176176    244246    104124    173173    226228    231235    097101    134146    196198    271285
CL_NM1    ,    119119    194194    246246    104104    153153    221221    235235    093097    136136    198198    269283
CL_NM2    ,    117119    206206    244246    106142    161185    221226    231235    093095    118134    194198    257269
CL_NM3    ,    127127    176178    244244    106106    183183    221221    235235    097097    136136    198198    257283
CL_776    ,    129129    192194    244246    102102    173173    221221    231231    097101    132136    198198    257257
CL_777    ,    121121    176204    244246    110112    145167    221221    231235    097097    138144    194198    255259
CL_780    ,    117119    176206    244244    116142    161183    221221    235235    093097    132146    198200    257291
CL_877    ,    119127    194206    244246    104110    183187    228228    231235    093097    132146    194198    257257
CL_CL878  ,    119127    176176    244246    106106    183183    221228    235235    097097    132132    198198    295295
CL_879    ,    119127    176206    246246    106110    183183    228228    231235    097097    142148    198198    283295
CL_880    ,    119119    176206    244246    106110    183183    228228    235235    093097    132132    194198    251295
CL_883    ,    117119    176206    244246    112142    183183    221228    231235    093095    132134    194198    257269
CL_884    ,    119127    176206    244244    106142    183183    221221    235235    093097    132136    198198    257283
CL_885    ,    117119    206206    244246    110124    161173    226228    235235    093093    132132    194194    257263
CL_CL886  ,    119127    178206    244244    106142    167183    221221    231235    093101    118146    198198    257283
CL_887    ,    109119    176206    246246    104142    161187    226228    235235    095097    132132    194198    257263
CL_CL888  ,    119127    176206    244246    106142    161183    221221    235235    093101    118136    198198    257257
CL_889    ,    119119    176176    244246    106106    183183    221228    235235    097097    132132    198198    257295
CL_890    ,    119121    176206    244246    106142    173183    228228    231235    093097    132144    196198    251263
CL_891    ,    119119    176206    244244    106110    161183    221228    231235    093097    132132    194198    251257
CL_892    ,    119121    178206    244246    110142    161167    221221    231231    093095    132136    194198    251273
CL_CL876  ,    119127    176176    244244    106106    183183    221221    235235    097101    136136    198198    257257
CL_CL3    ,    119119    176190    244244    104106    161173    226226    231235    093095    132148    194200    259259
CL_CL778  ,    119125    176176    246246    124124    185185    221221    231231    093093    134148    194198    257257
Pop
TC_TC1    ,    119129    176178    246246    104104    173183    221221    231235    095097    142146    194200    271283
TC_TC2    ,    117119    178206    244246    104104    173177    221222    231231    095097    142144    198198    269271
TC_TCNM1  ,    117117    178194    244244    106106    143143    221221    231231    097097    132132    198200    267267
TC_TNM2   ,    117129    176178    244246    104104    173177    222226    231231    097097    142144    198198    271291
TC_TNM3   ,    117117    178178    246246    122122    143175    221221    231231    097097    132132    198200    261267
TC_TNM4   ,    117117    194194    244244    106106    143143    221221    231231    097097    132132    198200    261267
TC_TNM5   ,    117117    178194    244246    106106    175175    221221    231231    097097    132132    198200    261267
TC_TC1002 ,    117117    194194    244244    106122    143175    221221    231231    097097    132132    198200    261261
TC_1003   ,    117129    178178    244246    104122    175183    221221    231235    097097    132146    198200    267271
TC_1004   ,    117117    176178    244246    112122    175175    221222    231231    095097    132132    198198    267269
TC_1005   ,    117119    176194    246246    106106    173175    221221    231231    097097    132136    198198    261297
TC_1006   ,    117117    194204    246246    104122    173175    221226    231231    097097    132144    198200    261271
TC_1007   ,    109117    178220    244246    106124    143167    221221    231231    097097    132148    194200    267271
TC_1008   ,    119129    176178    246246    104104    173177    226226    231235    097097    116116    194200    271291
TC_1009   ,    117117    176194    244244    112122    173175    221221    231231    097097    132142    198200    267267
TC_1010   ,    117119    176206    246246    106112    167177    222226    231231    095095    132134    194198    251269
TC_1011   ,    119119    194206    244244    106122    167175    221222    231231    095097    134142    194198    251283
TC_1012   ,    117117    176194    244246    104122    173177    221222    231231    095097    132142    198198    267271
TC_1013   ,    117119    176178    244244    104122    143143    221221    231231    093097    118132    198200    267269
TC_1014   ,    117119    176194    244246    104122    175177    221222    231231    097101    132142    198198    271283
TC_1015   ,    117129    178178    244246    104122    143183    221221    231235    097097    132146    194200    267291
TC_1016   ,    117129    178178    244246    104106    143173    221221    231235    097097    116132    194198    267271
TC_1017   ,    117117    178178    246246    106122    175175    221221    231231    097097    132132    198198    261261
TC_1018   ,    117117    194194    244246    106106    175175    221221    231231    097097    132132    198200    261261
TC_1019   ,    117129    176178    246246    104104    173177    222222    231231    097097    132142    198198    271271
TC_1020   ,    117129    176194    244246    104122    175177    221226    231231    097097    132144    198200    267291
Pop
CT_CT1    ,    119119    204204    244246    104104    175175    226226    235235    097097    144144    198198    249249
CT_CT10   ,    117117    204206    244246    104104    175175    226228    231231    097097    144146    198198    249249
CT_CT4    ,    117119    204206    244246    104106    143175    226228    231235    097097    144146    198198    249249
CT_CT6    ,    117117    204204    244244    106106    175175    226226    235235    097097    134146    200200    249249
CT_CT7    ,    117117    204204    244244    106106    175175    226226    235235    097097    146146    200200    249249
CT_CT8    ,    119119    204206    246246    104106    143175    226228    231231    097097    144144    198198    249249
CT_CT9    ,    119119    204206    246246    106106    143175    226228    231235    097097    144146    198198    249249
CT_CTNM1  ,    119119    204206    244246    104106    143175    226228    231235    097097    144146    198198    249249
CT_CTNM3  ,    117117    204204    244244    106106    175175    226226    235235    097097    146146    200200    249249
CT_CTNM4  ,    117119    204206    244246    104106    175175    226228    231231    097097    144144    198198    249249
CT_CTNM5  ,    117117    204204    244244    106106    175175    226226    235235    097097    146146    200200    249249
CT_CTNM6  ,    117117    204204    244244    106106    175175    226226    235235    097097    146146    200200    249249
CT_CTNM7  ,    119119    204204    244246    104104    143143    226228    231231    097097    144146    198198    249249
CT_CTNM8  ,    119119    204204    244246    102106    143171    221226    233235    097097    146146    194198    249261
Pop
NN_760    ,    119127    176176    246246    104110    161161    221221    231231    095095    118118    198198    261261
NN_NN761  ,    127127    176186    246246    110110    143161    221221    231231    095095    118146    194198    257257
NN_762    ,    119119    176178    246246    104124    175175    222222    231235    097097    146146    198200    257261
NN_763    ,    113113    176178    244246    104110    143173    221221    235235    095095    118118    200200    257257
NN_764    ,    127127    176186    244246    104110    143143    221222    231231    095095    146146    194198    261261
NN_765    ,    119127    176176    244246    104110    161161    221222    231231    095095    118146    194198    261261
NN_766    ,    119119    176186    244246    104110    143161    221222    231231    095095    146146    194194    257257
NN_767    ,    113113    176178    244246    104110    143173    221221    235235    095097    118118    200200    257257
NN_768    ,    119127    176186    244244    104110    143161    221222    231231    095095    118146    194198    261261
NN_NN769  ,    119127    176186    244246    104110    143161    221222    231231    095095    118146    194198    257261
NN_770    ,    113119    178178    244246    104110    173173    221226    231235    095097    118132    194198    261269
NN_772    ,    127127    186186    244246    104110    143161    221222    231231    095095    118146    194198    257261
NN_774    ,    119127    176186    246246    104110    143143    221222    231231    095095    146146    194198    257261
NN_775    ,    119119    176178    244246    112124    161171    221221    235235    095097    132144    198200    257259
NN_NNNM1  ,    119119    176178    244246    110112    161161    221221    231235    097097    118146    198198    269269
NN_NNNM2  ,    119119    176186    246246    104110    143161    221222    231231    095095    118118    198198    257261
NN_NNNM3  ,    119127    176186    244246    104104    143161    221222    231231    095095    118118    194198    257261
NN_NNNM4  ,    119119    176186    244246    104104    161161    221222    231231    095095    118146    198198    257257
NN_NNNM5  ,    113113    176178    244246    104110    161185    221221    231235    093097    118144    200200    257269
NN_NNNM6  ,    119119    176178    244246    104110    161173    221221    231235    095095    118118    194198    257261
NN_901    ,    121127    178192    244246    104104    177183    221221    231235    097101    118144    194202    265265
NN_902    ,    121121    178178    244246    104104    167183    221221    235235    093097    118136    194194    265265
NN_903    ,    121121    178178    244244    104112    183183    221221    235235    093093    118118    198198    257265
NN_904    ,    121121    178178    244246    104104    167183    221221    235235    093097    136136    194198    265265
NN_905    ,    121127    178178    244246    104112    143183    221221    235235    097101    118144    194198    265265
NN_906    ,    121121    178178    246246    104112    167183    221221    235235    093097    118118    194198    257265
NN_907    ,    119119    176206    244246    104104    143167    221228    231231    097097    136136    198198    255261
NN_908    ,    127127    178210    244246    104104    177177    221221    231231    097101    136136    198198    255255
NN_909    ,    121121    178178    244246    104112    167183    221221    235235    093093    118136    198198    257265
NN_910    ,    119127    178210    244246    104104    165177    221221    231231    097101    136136    198198    255255
NN_911    ,    119119    194206    246246    106110    167167    221226    231231    097097    136144    198198    265271
NN_912    ,    127127    178178    244246    104104    165177    221221    231231    097101    136136    198198    255255
NN_913    ,    127127    206210    244246    104112    143173    221221    235235    097097    118132    198198    251261
NN_914    ,    119127    206210    244246    104112    177177    221228    231235    093093    136136    198198    251289
NN_915    ,    119119    178194    244244    104104    167171    221221    231231    095097    136136    194198    251257
NN_916    ,    119119    176176    244244    104104    171173    221221    235235    093095    144148    198198    281281
NN_917    ,    127127    176176    246246    104112    179179    221221    231231    095097    144146    194194    249259
NN_918    ,    125127    176206    244246    104104    167173    221221    231235    093097    146148    198198    257257
NN_919    ,    119125    176204    244246    112112    171183    221221    231231    097097    136142    194200    257269
NN_920    ,    125127    190206    244246    104110    143167    221221    231231    095097    144146    194198    269271
NN_921    ,    109127    178210    244246    124128    153173    222226    235235    095097    132146    194198    257257
NN_922    ,    119119    190194    244246    104124    183183    221226    231235    095097    118118    198200    257257
NN_923    ,    109109    178190    244244    104104    167183    221222    231235    095095    118148    198198    257289
NN_924    ,    113113    178190    244246    104104    153183    222228    231231    097101    118134    198198    257269
NN_925    ,    113113    190192    244246    104104    153169    221222    231235    095097    118144    198198    257261
NN_926    ,    119127    190206    244244    102102    167173    221221    231235    095097    118132    194194    257271
NN_927    ,    109127    178194    246246    102104    143167    222226    231235    093101    118136    194198    269271
NN_928    ,    119121    178194    244246    110110    167171    221226    231235    095101    134146    194198    263269
NN_929    ,    125127    194206    246246    104104    143167    222226    231235    097101    118136    194198    269271
NN_930    ,    127127    190206    244246    104124    143167    221226    231231    097101    132148    198200    261269
NN_931    ,    121121    178178    246246    104104    161161    221221    231235    095095    136146    198200    261271
NN_932    ,    119119    176204    246246    104142    145153    221221    231231    095095    146146    194198    257257
NN_933    ,    117121    176202    246246    106110    143167    221221    231235    095097    132144    194198    257295
NN_934    ,    119119    176178    246246    104104    143167    221221    231231    093097    132134    198198    251257
NN_935    ,    119119    202206    246246    104106    161161    221221    231231    095097    132146    198198    257261
NN_936    ,    117119    176190    244246    104112    161171    221221    231231    095097    132134    198198    257269
NN_937    ,    119121    178206    244246    104104    161161    221221    231235    095101    136146    198198    261271
NN_938    ,    119121    178206    244246    104106    161161    221221    231235    095101    136146    198200    261271
NN_939    ,    121121    178206    244246    104104    161161    221221    231235    101101    146146    198200    261271
NN_940    ,    117117    176176    246246    104104    143145    221226    231235    097101    146146    194194    261289
NN_941    ,    117119    204206    246246    104110    173183    221221    231235    095095    132132    198200    257271
NN_942    ,    119119    176202    244246    104110    143153    221228    231235    097101    134146    198198    261261
NN_943    ,    119119    178206    244244    104104    161161    221221    231235    095101    136146    200200    261271
NN_944    ,    119121    178206    246246    104106    161161    221221    235235    095101    136146    198200    261271
NN_945    ,    109119    176206    244246    110124    165179    221221    231231    095101    132148    194198    257269
Pop
TL_946    ,    117119    180220    244246    104104    143177    221221    231231    095107    136136    198198    261291
TL_948    ,    117117    176204    244244    102104    177177    221221    231235    095095    132136    198198    259259
TL_949    ,    119119    186206    246246    108108    143143    221222    235235    097097    134134    198198    269269
TL_950    ,    117119    204204    244244    102104    177183    221221    231231    095095    136136    198198    259259
TL_951    ,    117119    186206    246246    102108    143143    221222    231235    095097    134146    198198    257269
TL_952    ,    117119    176206    246246    104104    167171    222226    231235    095103    132136    198198    251279
TL_953    ,    117119    176180    244246    104128    143177    221226    231231    095097    136136    198198    261267
TL_954    ,    119127    194206    246246    108108    167173    221221    231235    093097    144152    198198    251283
TL_955    ,    119119    176206    244246    102108    143177    221222    231235    095095    132134    198198    261269
TL_956    ,    119127    180180    244246    104104    173177    221221    231231    095095    144148    198198    257261
TL_957    ,    117119    180220    246246    104104    177177    221221    231231    107107    136136    198198    261291
TL_958    ,    117127    204206    246246    104114    177183    221222    231231    093095    132144    198198    257261
TL_959    ,    117127    180206    244244    102104    143173    221222    231235    093095    144144    198198    251283
TL_960    ,    117127    180206    244246    102104    143167    221221    231235    093095    144144    198198    251257
TL_961    ,    127127    178206    246246    108108    167167    221221    231235    093093    144152    198198    251283
TL_962    ,    127127    180180    244244    104104    167173    221221    231235    093095    144144    198198    251251
TL_963    ,    117127    176206    246246    104114    177177    221222    231231    095101    144144    198198    257257
TL_964    ,    119119    206206    244246    104104    173177    221221    231231    093095    136148    198198    279279
Pop
PCAL_986  ,    119119    206206    246246    122142    173187    226226    231235    095097    142142    198198    259259
PCAL_987  ,    119119    178192    244244    102122    143153    221228    235235    095097    132132    198198    257261
PCAL_988  ,    119119    206206    244246    106122    153153    221226    235235    095095    132142    198200    259259
PCAL_989  ,    119119    178206    244246    110142    153187    221228    231235    093095    132132    198200    259261
PCAL_990  ,    119119    206206    246246    110142    153173    226226    235235    095097    132142    198198    259261
PCAL_991  ,    119119    178206    244246    110122    173187    226228    231235    095095    132142    198198    261261
PCAL_992  ,    119119    178206    244246    102122    143153    221226    231235    095097    132132    198198    257259
PCAL_993  ,    119119    206206    246246    110110    173173    221226    235235    093095    118142    198200    261271
PCAL_994  ,    119119    206206    244246    110122    153173    221226    231235    093097    132142    198198    259261
PCAL_995  ,    117119    206206    246246    110122    169173    221226    235235    095101    142146    200202    259259
PCAL_996  ,    117117    206206    246246    106110    153153    221226    235235    095097    132132    200200    257257
PCAL_997  ,    117119    178186    246246    104116    173173    221221    231231    095095    132134    194202    261271
PCAL_998  ,    117119    178206    244244    106142    153183    221221    231235    095097    132136    198198    251283
PCAL_999  ,    119119    206206    244244    104110    185185    228228    231231    093093    132134    194198    263263
PCAL_999* ,    117119    204206    244246    104142    173183    221226    231235    095097    132132    194198    273283
PCAL_1000 ,    117119    206206    246246    106122    153153    221226    235235    095095    132132    200200    257259
PCAL_436  ,    119119    178178    246246    102102    143143    221221    231235    097097    132132    198198    257281
PCAL_440  ,    125129    192194    244246    124124    167187    221221    231231    097097    132146    198198    257257
PCAL_444  ,    117119    178204    246246    102104    143167    221221    231235    095097    132132    194198    251257
