10 11 388 2
Fam001
FamMg3
Fam018
Tet403
TetE02
TetMC4
TetMC5
Hex406
Hex402
HexA05
HexH03
1       119121  178192  244246  106142  173183  221228  231235  093095  132146  198200  249251
1       119119  178194  244246  104104  173173  221222  231231  093097  134146  194200  283283
1       119121  194194  244246  122124  183183  222228  235235  093095  142148  198200  257297
1       119119  178194  246246  104142  161173  221226  231235  095097  134142  194200  283295
1       117119  178194  244246  102142  167183  221222  231235  093093  142142  194194  283283
1       119119  178194  244246  104104  167183  222222  231235  093093  142146  194198  283295
1       117119  194194  244246  104142  145161  222226  231231  095097  134142  194198  261295
1       117119  176194  244244  104104  173183  222226  231231  093097  142148  198198  257295
1       119121  186194  246246  104122  183183  221222  231235  095095  134136  198198  283295
1       117117  178204  244246  104106  183183  222228  231231  093095  132142  198198  271295
1       119127  178194  244246  104104  167183  222222  231231  093097  142146  198198  271283
1       117119  178194  244246  104142  145183  222222  231231  093097  142146  194198  283295
1       117119  194206  244244  104104  183187  221222  231235  095097  132146  194198  271283
1       117117  178204  244246  104104  183183  221221  231231  095095  142142  198198  283283
1       117119  178178  246246  104142  145183  222222  231235  093097  142146  194194  287295
1       119119  178178  244246  102104  167169  222222  231231  093095  142142  198198  271287
1       119121  186194  246246  104122  145183  221222  231235  095097  134146  194200  283295
1       117119  178204  244246  104104  169183  221226  231231  095095  134142  194198  271271
1       119119  178190  244244  104124  173173  221221  231231  097097  146146  198198  289289
1       119119  178190  244246  104124  169173  221222  231231  095097  142142  198198  271283
1       119119  178178  244246  104104  169183  222226  231231  095095  134142  198198  271283
1       119119  178190  244244  104124  167173  221221  231231  097097  142146  198198  271289
1       119119  178190  244244  104124  167173  221221  231231  097097  142142  198198  271289
1       119119  190190  244244  104104  167167  221221  231231  097097  142142  198198  271271
1       117119  186194  244246  122142  145183  222222  231235  095097  136142  194200  283295
1       117121  178186  244246  104104  145183  221222  231235  093095  134146  194200  295295
1       119119  178178  244246  102102  183183  221222  231235  093093  142142  194198  287287
1       119119  178178  244246  104104  183183  222222  231235  093093  142142  194194  287287
1       119119  178178  244246  102104  183183  221222  231235  093093  142142  198198  283283
1       119119  178178  244246  102102  167183  221222  231231  093093  142142  198198  283287
1       117119  178194  244244  104104  183183  222222  231231  093097  142148  198198  295295
1       119119  178178  246246  102104  167167  221222  235235  093093  142142  198198  283287
1       117119  178204  244246  106112  183183  221228  231235  095095  132132  198198  257271
1       119119  178178  244246  104104  167183  228228  231231  095097  132136  198198  259259
1       119119  178190  244246  104124  167183  221228  231231  097097  132146  198198  259289
1       119119  178194  246246  104104  167183  222222  231231  097097  142142  198198  257283
1       119119  178194  246246  104104  183183  221222  231231  097097  142142  198198  257283
1       119119  194194  246246  104104  167183  221222  231231  097097  142142  198198  257283
1       117119  178178  244244  104104  183185  221221  231231  097097  132146  198200  261261
1       117119  178178  244244  106106  167167  221221  231231  095095  118146  200200  263263
1       119119  178178  244244  104142  183183  221226  231231  095097  142146  198198  257283
1       109119  178206  244244  104104  173183  221221  231231  093093  136146  198200  249263
1       117119  178178  244244  142142  183183  221221  231231  097097  132146  200200  257257
1       117119  178178  244244  104104  183185  221221  231231  095097  146146  198200  257257
1       119119  178178  244244  104142  183185  221221  231231  095095  132136  200200  257261
1       117119  178178  244244  104142  183183  221221  231231  095097  132136  198198  261261
1       117119  178178  244244  104142  167185  221221  231231  095095  132132  200200  257261
1       117119  178178  244244  104104  185185  221221  231231  095097  132146  198200  257261
1       117119  178178  244244  104142  183185  221221  231231  095097  132146  198200  257261
1       119119  178178  244246  104104  167183  221222  231231  093095  132142  194200  261283
1       117117  178178  244244  104142  183183  221221  231231  095097  146146  198200  257261
1       119119  178178  244244  142142  183183  221221  231231  097097  132146  198200  257261
1       119119  176178  244244  104104  167167  221221  231231  093093  146146  198200  257261
1       119119  176178  244244  104104  173173  221221  231231  093093  146146  198200  263263
1       119119  176206  244244  104110  173183  221221  231231  093093  146146  200200  249261
1       119119  206206  246246  122142  173187  221226  231235  095097  142142  198198  259259
1       119119  178178  244246  104104  167183  221221  231231  095097  136142  198200  261283
1       109119  178178  244244  104104  173173  221221  231231  093093  136146  198200  261263
1       119119  178206  246246  110122  173173  221222  231231  093095  118142  198200  251295
1       119119  178194  244246  104122  183187  221222  231235  093095  136146  200200  263295
1       119119  178190  244246  104124  167173  221221  231231  097097  142142  198198  257289
1       117119  178192  246246  104110  167173  221221  235235  095095  132146  198202  263271
1       119119  178178  246246  104104  167183  221221  231231  097097  142142  198198  257283
1       119119  194194  246246  104104  167167  221221  231231  097097  142142  198198  257283
1       119119  178178  244246  104104  173183  221221  231231  095097  142146  198198  257271
1       119121  178194  244246  104104  173187  221222  231235  095097  142146  200200  257271
1       119119  178186  246246  104104  173183  221222  231231  095097  134136  198198  257295
1       117117  178192  246246  110110  173173  221221  235235  095095  132146  202202  263271
1       119119  178178  246246  104104  173183  221221  231231  097097  136142  198198  257283
1       117121  178192  244246  104112  183183  222228  231231  093093  132142  198198  271283
1       119119  190190  246246  104124  177185  226226  235235  093097  132132  198200  251261
1       117119  178194  246246  104104  183183  221221  231231  095097  142142  198198  271283
1       119119  178204  246246  104104  173183  221221  231231  095095  132142  194198  271283
1       119119  192194  246246  104104  167173  221222  231235  095095  136146  200202  257263
1       119119  178190  244244  104124  173173  221221  231231  097097  142146  198198  271271
1       117119  178204  244246  104104  173173  221221  231231  095095  132132  198198  271271
1       117119  190190  244246  124124  173185  221226  235235  093093  132146  198198  251257
1       119119  204204  244244  124142  187187  221221  231231  097097  132132  198198  251257
1       119119  190204  244244  104124  173187  221228  231235  093093  132146  198202  261289
1       117117  178178  246246  104104  173183  221221  231235  095095  142146  198198  263283
1       109119  206206  244246  102142  167183  221226  231231  095097  136142  194198  271283
1       119129  200206  244246  104124  175185  221222  231231  097101  132146  198198  251261
1       119119  178194  244246  104142  145183  221222  231235  093097  118142  198198  257283
1       119119  178194  246246  104104  167183  221222  231231  095095  134142  198200  283295
1       119119  194194  244244  104104  173173  222222  231235  097097  134134  198200  283283
1       117119  178178  244244  104116  167183  221222  231235  095097  132142  194198  261283
1       119119  178178  244246  102104  183183  221222  231231  093097  142142  194198  283283
1       119119  190190  244244  104124  167167  221221  231231  097097  142142  198198  271289
1       119119  178190  244244  104124  173183  221222  231235  093097  142142  198198  283289
1       119119  178178  244244  124124  167167  221221  231231  097097  142146  198198  271289
1       119119  178178  244244  104124  173183  221226  231231  095097  142146  198198  283289
1       119119  178206  244244  104124  167175  228228  231235  095101  134134  198202  271275
1       119119  178190  244244  104124  167173  221221  231231  097097  146146  198198  271289
1       119119  178194  244246  104104  167173  221222  231235  097097  134136  198200  283283
1       119119  186194  246246  104104  183183  221222  231235  095095  136136  198200  283283
1       119119  178178  244246  104110  167183  221222  231231  093095  132136  198198  251283
1       119119  178178  244246  104104  167173  221222  231235  097097  136146  198200  257271
1       117117  192192  244244  112112  183183  228228  235235  093093  132132  198198  251271
1       117119  178206  246246  104112  169185  221222  231231  095095  144146  200200  257295
1       119125  194204  246246  106106  183183  226228  231231  093095  132136  198198  259271
1       119119  178178  246246  104116  183183  221221  231235  097097  142142  198198  257257
1       119119  178206  244244  104112  167183  221226  231235  095097  142146  194198  257269
1       117119  178194  244246  104142  145183  222222  231231  095097  136146  198200  283295
1       109117  176194  246246  104142  167183  221222  231235  093097  136142  194200  261283
1       119121  186194  246246  104122  183183  221222  231235  095095  134136  198198  283283
1       117119  178204  244246  104104  183183  221221  231231  095095  142142  194194  271283
1       117119  178194  244246  104104  183183  221222  231231  093097  142142  198198  287295
1       117119  204204  246246  104104  173183  221221  231231  095095  132142  198198  271271
1       119121  186186  246246  104122  183183  222222  231235  095095  134136  198200  295295
1       119121  186194  246246  104122  183183  221222  231235  095095  134136  198200  283295
1       119121  186186  246246  122122  183183  221221  231235  095095  134136  198198  283295
1       119119  178178  244246  104104  167167  221222  235235  093093  142142  194198  283287
1       119121  194194  246246  104122  183183  221221  231235  095095  134136  200200  295295
1       119119  178178  246246  102104  167183  222222  231231  093093  142142  198198  283287
1       119121  186186  246246  104122  183183  221222  231231  095095  136136  198200  283295
1       119121  186194  246246  122122  183183  221222  235235  095095  136136  198200  283295
1       119119  178190  244244  104104  167173  221221  231231  097097  142146  198198  271289
1       119119  178190  244244  124124  167173  221221  231231  097097  142146  198198  271289
1       117119  178204  244246  104104  173183  221221  231231  095095  132142  194198  271283
1       119121  186194  246246  104104  183183  221222  231235  095095  134136  200200  283295
1       117119  194204  244246  104112  183183  222228  231235  093097  132136  198198  261271
1       119119  178178  244244  102102  167167  221221  231235  093093  142142  194194  287287
1       119121  186194  246246  104122  183183  221221  231231  095095  134136  200200  283283
1       119119  178178  244246  102102  167167  221221  231235  093093  142142  194194  283287
1       119119  178178  244246  102104  167167  222222  231235  093093  142142  198198  287287
1       117119  178206  244244  106110  161173  221228  231231  093095  132144  194198  257281
1       117119  178178  244244  142142  183183  221221  231231  095097  132146  200200  257261
1       119119  178204  244246  110116  173183  221226  235235  093107  132132  198200  249287
1       119119  176178  244244  104104  173173  221221  231231  093093  136146  198200  261263
1       119119  178194  244246  122142  145183  222222  231231  093095  134146  194198  283295
1       109119  178178  244246  104104  173173  221221  231231  093093  136136  198200  263263
1       117119  178178  244244  142142  183183  221221  231231  095095  132136  198198  261261
1       117119  178206  244244  104124  167183  221221  231235  093095  132132  198198  251257
1       119119  178194  246246  104104  183187  222228  231235  093097  142146  198198  257257
1       119119  178194  246246  104104  183183  221222  231231  097097  142142  198198  257283
1       119119  178194  246246  104104  167183  221222  231231  097097  142142  198198  257283
1       119119  178194  246246  104104  167183  221221  231231  097097  142142  198198  257283
1       117121  178178  244246  104104  183187  221222  235235  093095  142146  198200  257257
1       119119  178194  244246  104122  173183  221222  231231  095097  136146  198200  271295
1       119119  178178  244244  106142  145187  221222  231235  093097  118142  198198  283283
1       119121  178194  246246  104122  173183  222222  231235  095095  136142  198200  257295
1       119119  178178  244246  104104  167173  221222  231231  097097  136142  198198  257289
1       119127  178206  246246  104104  159173  221222  231231  095095  134136  198198  257295
1       109119  178178  244246  104104  173173  221222  231231  093097  136136  198200  257261
1       119119  178178  244246  104124  173183  221221  231231  097097  142146  198198  257289
1       119127  192206  244244  106110  167173  221221  231231  093095  132146  198200  259283
1       119119  178206  244246  104118  167183  221222  231231  097101  142144  198198  257275
1       119119  178178  244246  104104  167167  221222  231231  093097  142144  194200  257283
1       109119  176176  244246  104104  173173  221221  231231  093093  136146  200200  261263
1       119119  178178  244246  104116  183183  221221  231235  097097  132142  198198  257261
1       117119  178194  244246  104104  145183  222222  231231  093095  136142  194200  283283
1       121121  186194  246246  122122  183183  221222  231235  095095  136136  198198  283283
1       119119  178178  244244  102104  145183  221222  231231  093097  142146  194198  287295
1       121121  186194  246246  104122  183183  222222  235235  095095  136136  200200  283295
1       119121  186186  246246  104122  183183  222222  231235  095095  134136  198198  283283
1       119119  190190  244244  104124  173173  221221  231231  097097  146146  198198  271289
1       119121  186194  246246  104104  183183  221221  235235  095095  136136  198198  283283
1       119119  190190  246246  104124  177177  221221  235235  093097  132132  198200  251261
1       119119  194194  246246  104104  167183  221222  231231  097097  142142  198198  283283
1       117125  194194  246246  104106  145183  222226  231235  093095  136142  198198  259283
1       117121  194204  246246  104112  183183  222228  231235  093095  132146  194198  251295
1       119119  178194  244244  104142  167183  222222  231235  093097  142146  194198  283295
1       109119  176178  246246  104104  173183  221222  231231  093097  136146  198200  261271
1       119119  178190  244244  104104  173183  221222  231231  093097  142146  198198  289295
1       119119  178178  244246  102104  183183  221222  231235  093093  142142  194198  283287
1       117119  178194  246246  122142  183183  222222  231231  093095  136142  198200  283283
1       119119  178190  244244  104124  167173  221221  231231  097097  142146  198198  271289
1       119119  178190  244246  104124  167183  221222  231231  095097  134142  198198  271271
1       119119  178178  246246  104104  183183  221221  231231  097097  142142  198198  257257
1       119119  178194  246246  104104  167187  221221  231231  093097  142146  198198  261283
1       119119  176178  244244  104104  173173  221221  231231  093093  136146  200200  261263
1       119119  178194  246246  104104  183183  221222  231231  097097  142142  198198  257257
1       119127  186194  244246  102106  153167  228228  231235  093097  136142  198200  257269
1       119119  186186  246246  104104  183183  221222  231231  095095  134136  200200  283283
1       119119  178178  246246  104106  169187  221226  231235  093095  118134  198198  271283
1       119121  178194  246246  104122  183183  221221  231235  095097  136136  198200  271283
1       119119  178194  246246  104104  183183  221221  231231  095097  142142  198198  257271
1       119119  178190  244246  104124  173183  221226  231231  095097  142146  198198  283289
1       119119  178178  246246  104104  183183  221221  231231  097097  142142  198198  257283
2       119127  204206  244244  104110  173173  221226  231235  095095  136144  198198  257295
2       127127  186186  244244  104104  161161  226226  235235  101101  116116  194198  261269
2       127127  186194  244244  104104  143143  226226  231231  095101  116116  198198  261269
2       127127  186194  244244  104104  161161  226226  235235  095101  134134  194198  269269
2       119119  192192  246246  112122  173173  221221  231231  101101  134134  200200  269269
2       119119  204204  246246  104104  143143  221221  231231  095095  136136  198198  263263
2       117117  176206  246246  124124  185185  221228  231231  095095  144144  200200  257257
2       127127  186186  244244  104104  143143  226226  231231  095101  116116  198198  261261
2       127127  186186  244244  104104  143143  226226  231231  101101  116116  198198  261269
2       127127  186194  244244  104104  143143  226226  231231  101101  116116  198198  261261
2       117119  176206  244246  110124  143185  221228  231231  095095  134144  198200  263263
3       109119  178178  244246  102102  173173  222226  231231  097097  132132  198198  283283
3       121127  178194  244244  102102  161175  221226  231231  097097  132132  198198  259271
3       121127  178194  244244  102102  175175  226226  231231  097097  132132  198198  259259
3       109109  176178  244246  102102  173175  226226  231231  097097  132132  198198  281281
3       109119  176178  244246  102104  173175  222226  231231  097097  132132  198198  281283
3       109119  176178  246246  102102  173173  222226  231231  097097  132132  198198  281283
3       109109  178178  244244  102104  173175  222226  231231  097097  132132  198198  281283
3       109109  176178  244246  102104  175175  222226  231231  097097  132132  198198  281283
3       121121  178178  244244  102102  161175  226226  231231  097097  132146  198198  259271
3       109127  178178  244246  102106  177185  221226  231231  093095  132144  194198  257273
3       109119  178192  246246  102102  161177  221221  231231  097097  132144  198198  271273
3       117119  178194  246246  102106  143185  221226  231231  093093  132144  198198  269271
3       117119  178204  244246  102106  161167  221221  231231  093097  132144  198198  251273
3       109119  178178  244246  104104  175175  222226  231231  097097  132132  198198  281283
3       121127  178178  244246  102102  175175  221226  231231  097097  146146  198198  271271
4       113113  176176  244246  104124  173173  226228  231235  097101  134146  196198  271285
4       119119  194194  246246  104104  153153  221221  235235  093097  136136  198198  269283
4       117119  206206  244246  106142  161185  221226  231235  093095  118134  194198  257269
4       127127  176178  244244  106106  183183  221221  235235  097097  136136  198198  257283
4       129129  192194  244246  102102  173173  221221  231231  097101  132136  198198  257257
4       121121  176204  244246  110112  145167  221221  231235  097097  138144  194198  255259
4       117119  176206  244244  116142  161183  221221  235235  093097  132146  198200  257291
4       119127  194206  244246  104110  183187  228228  231235  093097  132146  194198  257257
4       119127  176176  244246  106106  183183  221228  235235  097097  132132  198198  295295
4       119127  176206  246246  106110  183183  228228  231235  097097  142148  198198  283295
4       119119  176206  244246  106110  183183  228228  235235  093097  132132  194198  251295
4       117119  176206  244246  112142  183183  221228  231235  093095  132134  194198  257269
4       119127  176206  244244  106142  183183  221221  235235  093097  132136  198198  257283
4       117119  206206  244246  110124  161173  226228  235235  093093  132132  194194  257263
4       119127  178206  244244  106142  167183  221221  231235  093101  118146  198198  257283
4       109119  176206  246246  104142  161187  226228  235235  095097  132132  194198  257263
4       119127  176206  244246  106142  161183  221221  235235  093101  118136  198198  257257
4       119119  176176  244246  106106  183183  221228  235235  097097  132132  198198  257295
4       119121  176206  244246  106142  173183  228228  231235  093097  132144  196198  251263
4       119119  176206  244244  106110  161183  221228  231235  093097  132132  194198  251257
4       119121  178206  244246  110142  161167  221221  231231  093095  132136  194198  251273
4       119127  176176  244244  106106  183183  221221  235235  097101  136136  198198  257257
4       119119  176190  244244  104106  161173  226226  231235  093095  132148  194200  259259
4       119125  176176  246246  124124  185185  221221  231231  093093  134148  194198  257257
5       119129  176178  246246  104104  173183  221221  231235  095097  142146  194200  271283
5       117119  178206  244246  104104  173177  221222  231231  095097  142144  198198  269271
5       117117  178194  244244  106106  143143  221221  231231  097097  132132  198200  267267
5       117129  176178  244246  104104  173177  222226  231231  097097  142144  198198  271291
5       117117  178178  246246  122122  143175  221221  231231  097097  132132  198200  261267
5       117117  194194  244244  106106  143143  221221  231231  097097  132132  198200  261267
5       117117  178194  244246  106106  175175  221221  231231  097097  132132  198200  261267
5       117117  194194  244244  106122  143175  221221  231231  097097  132132  198200  261261
5       117129  178178  244246  104122  175183  221221  231235  097097  132146  198200  267271
5       117117  176178  244246  112122  175175  221222  231231  095097  132132  198198  267269
5       117119  176194  246246  106106  173175  221221  231231  097097  132136  198198  261297
5       117117  194204  246246  104122  173175  221226  231231  097097  132144  198200  261271
5       109117  178220  244246  106124  143167  221221  231231  097097  132148  194200  267271
5       119129  176178  246246  104104  173177  226226  231235  097097  116116  194200  271291
5       117117  176194  244244  112122  173175  221221  231231  097097  132142  198200  267267
5       117119  176206  246246  106112  167177  222226  231231  095095  132134  194198  251269
5       119119  194206  244244  106122  167175  221222  231231  095097  134142  194198  251283
5       117117  176194  244246  104122  173177  221222  231231  095097  132142  198198  267271
5       117119  176178  244244  104122  143143  221221  231231  093097  118132  198200  267269
5       117119  176194  244246  104122  175177  221222  231231  097101  132142  198198  271283
5       117129  178178  244246  104122  143183  221221  231235  097097  132146  194200  267291
5       117129  178178  244246  104106  143173  221221  231235  097097  116132  194198  267271
5       117117  178178  246246  106122  175175  221221  231231  097097  132132  198198  261261
5       117117  194194  244246  106106  175175  221221  231231  097097  132132  198200  261261
5       117129  176178  246246  104104  173177  222222  231231  097097  132142  198198  271271
5       117129  176194  244246  104122  175177  221226  231231  097097  132144  198200  267291
6       119119  204204  244246  104104  175175  226226  235235  097097  144144  198198  249249
6       117117  204206  244246  104104  175175  226228  231231  097097  144146  198198  249249
6       117119  204206  244246  104106  143175  226228  231235  097097  144146  198198  249249
6       117117  204204  244244  106106  175175  226226  235235  097097  134146  200200  249249
6       117117  204204  244244  106106  175175  226226  235235  097097  146146  200200  249249
6       119119  204206  246246  104106  143175  226228  231231  097097  144144  198198  249249
6       119119  204206  246246  106106  143175  226228  231235  097097  144146  198198  249249
6       119119  204206  244246  104106  143175  226228  231235  097097  144146  198198  249249
6       117117  204204  244244  106106  175175  226226  235235  097097  146146  200200  249249
6       117119  204206  244246  104106  175175  226228  231231  097097  144144  198198  249249
6       117117  204204  244244  106106  175175  226226  235235  097097  146146  200200  249249
6       117117  204204  244244  106106  175175  226226  235235  097097  146146  200200  249249
6       119119  204204  244246  104104  143143  226228  231231  097097  144146  198198  249249
6       119119  204204  244246  102106  143171  221226  233235  097097  146146  194198  249261
7       119127  176176  246246  104110  161161  221221  231231  095095  118118  198198  261261
7       127127  176186  246246  110110  143161  221221  231231  095095  118146  194198  257257
7       119119  176178  246246  104124  175175  222222  231235  097097  146146  198200  257261
7       113113  176178  244246  104110  143173  221221  235235  095095  118118  200200  257257
7       127127  176186  244246  104110  143143  221222  231231  095095  146146  194198  261261
7       119127  176176  244246  104110  161161  221222  231231  095095  118146  194198  261261
7       119119  176186  244246  104110  143161  221222  231231  095095  146146  194194  257257
7       113113  176178  244246  104110  143173  221221  235235  095097  118118  200200  257257
7       119127  176186  244244  104110  143161  221222  231231  095095  118146  194198  261261
7       119127  176186  244246  104110  143161  221222  231231  095095  118146  194198  257261
7       113119  178178  244246  104110  173173  221226  231235  095097  118132  194198  261269
7       127127  186186  244246  104110  143161  221222  231231  095095  118146  194198  257261
7       119127  176186  246246  104110  143143  221222  231231  095095  146146  194198  257261
7       119119  176178  244246  112124  161171  221221  235235  095097  132144  198200  257259
7       119119  176178  244246  110112  161161  221221  231235  097097  118146  198198  269269
7       119119  176186  246246  104110  143161  221222  231231  095095  118118  198198  257261
7       119127  176186  244246  104104  143161  221222  231231  095095  118118  194198  257261
7       119119  176186  244246  104104  161161  221222  231231  095095  118146  198198  257257
7       113113  176178  244246  104110  161185  221221  231235  093097  118144  200200  257269
7       119119  176178  244246  104110  161173  221221  231235  095095  118118  194198  257261
7       121127  178192  244246  104104  177183  221221  231235  097101  118144  194202  265265
7       121121  178178  244246  104104  167183  221221  235235  093097  118136  194194  265265
7       121121  178178  244244  104112  183183  221221  235235  093093  118118  198198  257265
7       121121  178178  244246  104104  167183  221221  235235  093097  136136  194198  265265
7       121127  178178  244246  104112  143183  221221  235235  097101  118144  194198  265265
7       121121  178178  246246  104112  167183  221221  235235  093097  118118  194198  257265
7       119119  176206  244246  104104  143167  221228  231231  097097  136136  198198  255261
7       127127  178210  244246  104104  177177  221221  231231  097101  136136  198198  255255
7       121121  178178  244246  104112  167183  221221  235235  093093  118136  198198  257265
7       119127  178210  244246  104104  165177  221221  231231  097101  136136  198198  255255
7       119119  194206  246246  106110  167167  221226  231231  097097  136144  198198  265271
7       127127  178178  244246  104104  165177  221221  231231  097101  136136  198198  255255
7       127127  206210  244246  104112  143173  221221  235235  097097  118132  198198  251261
7       119127  206210  244246  104112  177177  221228  231235  093093  136136  198198  251289
7       119119  178194  244244  104104  167171  221221  231231  095097  136136  194198  251257
7       119119  176176  244244  104104  171173  221221  235235  093095  144148  198198  281281
7       127127  176176  246246  104112  179179  221221  231231  095097  144146  194194  249259
7       125127  176206  244246  104104  167173  221221  231235  093097  146148  198198  257257
7       119125  176204  244246  112112  171183  221221  231231  097097  136142  194200  257269
7       125127  190206  244246  104110  143167  221221  231231  095097  144146  194198  269271
7       109127  178210  244246  124128  153173  222226  235235  095097  132146  194198  257257
7       119119  190194  244246  104124  183183  221226  231235  095097  118118  198200  257257
7       109109  178190  244244  104104  167183  221222  231235  095095  118148  198198  257289
7       113113  178190  244246  104104  153183  222228  231231  097101  118134  198198  257269
7       113113  190192  244246  104104  153169  221222  231235  095097  118144  198198  257261
7       119127  190206  244244  102102  167173  221221  231235  095097  118132  194194  257271
7       109127  178194  246246  102104  143167  222226  231235  093101  118136  194198  269271
7       119121  178194  244246  110110  167171  221226  231235  095101  134146  194198  263269
7       125127  194206  246246  104104  143167  222226  231235  097101  118136  194198  269271
7       127127  190206  244246  104124  143167  221226  231231  097101  132148  198200  261269
7       121121  178178  246246  104104  161161  221221  231235  095095  136146  198200  261271
7       119119  176204  246246  104142  145153  221221  231231  095095  146146  194198  257257
7       117121  176202  246246  106110  143167  221221  231235  095097  132144  194198  257295
7       119119  176178  246246  104104  143167  221221  231231  093097  132134  198198  251257
7       119119  202206  246246  104106  161161  221221  231231  095097  132146  198198  257261
7       117119  176190  244246  104112  161171  221221  231231  095097  132134  198198  257269
7       119121  178206  244246  104104  161161  221221  231235  095101  136146  198198  261271
7       119121  178206  244246  104106  161161  221221  231235  095101  136146  198200  261271
7       121121  178206  244246  104104  161161  221221  231235  101101  146146  198200  261271
7       117117  176176  246246  104104  143145  221226  231235  097101  146146  194194  261289
7       117119  204206  246246  104110  173183  221221  231235  095095  132132  198200  257271
7       119119  176202  244246  104110  143153  221228  231235  097101  134146  198198  261261
7       119119  178206  244244  104104  161161  221221  231235  095101  136146  200200  261271
7       119121  178206  246246  104106  161161  221221  235235  095101  136146  198200  261271
7       109119  176206  244246  110124  165179  221221  231231  095101  132148  194198  257269
8       117119  180220  244246  104104  143177  221221  231231  095107  136136  198198  261291
8       117117  176204  244244  102104  177177  221221  231235  095095  132136  198198  259259
8       119119  186206  246246  108108  143143  221222  235235  097097  134134  198198  269269
8       117119  204204  244244  102104  177183  221221  231231  095095  136136  198198  259259
8       117119  186206  246246  102108  143143  221222  231235  095097  134146  198198  257269
8       117119  176206  246246  104104  167171  222226  231235  095103  132136  198198  251279
8       117119  176180  244246  104128  143177  221226  231231  095097  136136  198198  261267
8       119127  194206  246246  108108  167173  221221  231235  093097  144152  198198  251283
8       119119  176206  244246  102108  143177  221222  231235  095095  132134  198198  261269
8       119127  180180  244246  104104  173177  221221  231231  095095  144148  198198  257261
8       117119  180220  246246  104104  177177  221221  231231  107107  136136  198198  261291
8       117127  204206  246246  104114  177183  221222  231231  093095  132144  198198  257261
8       117127  180206  244244  102104  143173  221222  231235  093095  144144  198198  251283
8       117127  180206  244246  102104  143167  221221  231235  093095  144144  198198  251257
8       127127  178206  246246  108108  167167  221221  231235  093093  144152  198198  251283
8       127127  180180  244244  104104  167173  221221  231235  093095  144144  198198  251251
8       117127  176206  246246  104114  177177  221222  231231  095101  144144  198198  257257
8       119119  206206  244246  104104  173177  221221  231231  093095  136148  198198  279279
9       117119  176178  244246  104112  167183  221221  231231  095097  142146  198200  257271
9       117119  178196  244246  104112  167167  221226  231235  097097  132142  198198  271273
9       119127  192194  246246  104112  167183  221226  231235  095097  132136  198200  273283
9       119127  176192  244244  106112  167173  221226  231235  097101  132136  194198  257273
9       117119  178192  244244  102104  173183  226226  231231  095097  132142  198198  271273
9       119127  196206  246246  104112  167183  221228  235235  097107  116116  198198  261271
9       119127  178192  244246  112116  173173  221228  231231  095097  132132  198200  251261
9       127127  178192  244246  104112  173173  221226  231235  093097  132146  198198  273283
9       119127  194196  244246  102112  167169  226228  231235  095097  132132  198200  271273
9       119127  194196  244244  102102  167173  221228  231235  095097  132132  194198  251261
9       119127  194206  244246  102116  169173  221228  231231  095097  132132  198200  271273
9       127127  178196  244246  102118  167173  226228  231235  097097  132132  198198  261273
9       117127  178192  244246  102112  173183  00      231235  097097  132148  198202  261271
9       117119  178192  244246  112116  173173  221226  235235  095097  132146  198198  251261
9       119127  178192  244244  102112  173183  221226  231231  093097  132142  194198  273283
9       117119  192196  246246  102106  167173  228228  231231  093097  132132  198198  261273
9       117119  176192  244244  112112  143173  221226  231235  097097  132146  194198  261267
10      119119  206206  246246  122142  173187  226226  231235  095097  142142  198198  259259
10      119119  178192  244244  102122  143153  221228  235235  095097  132132  198198  257261
10      119119  206206  244246  106122  153153  221226  235235  095095  132142  198200  259259
10      119119  178206  244246  110142  153187  221228  231235  093095  132132  198200  259261
10      119119  206206  246246  110142  153173  226226  235235  095097  132142  198198  259261
10      119119  178206  244246  110122  173187  226228  231235  095095  132142  198198  261261
10      119119  178206  244246  102122  143153  221226  231235  095097  132132  198198  257259
10      119119  206206  246246  110110  173173  221226  235235  093095  118142  198200  261271
10      119119  206206  244246  110122  153173  221226  231235  093097  132142  198198  259261
10      117119  206206  246246  110122  169173  221226  235235  095101  142146  200202  259259
10      117117  206206  246246  106110  153153  221226  235235  095097  132132  200200  257257
10      117119  178186  246246  104116  173173  221221  231231  095095  132134  194202  261271
10      117119  178206  244244  106142  153183  221221  231235  095097  132136  198198  251283
10      119119  206206  244244  104110  185185  228228  231231  093093  132134  194198  263263
10      117119  204206  244246  104142  173183  221226  231235  095097  132132  194198  273283
10      117119  206206  246246  106122  153153  221226  235235  095095  132132  200200  257259
10      119119  178178  246246  102102  143143  221221  231235  097097  132132  198198  257281
10      125129  192194  244246  124124  167187  221221  231231  097097  132146  198198  257257
10      117119  178204  246246  102104  143167  221221  231235  095097  132132  194198  251257
