



----------------------------------------------------

STRUCTURE by Pritchard, Stephens and Donnelly (2000)

             Code by J.K. Pritchard

          Modified by Daniel Falush to

       incorporate recombination breakpoints

             Version 2.0 (July 2001)

----------------------------------------------------







Command line arguments:   bin/structure -m C:\Prunus\Prunus#1\Default#105\mainparams -e C:\Prunus\Prunus#1\Default#105\extraparams 

Input File:    C:\Prunus\Prunus#1\project_data



Run parameters:

   388 individuals

   11 loci

   3 populations assumed

   30000 Burn-in period

   100000 Reps





--------------------------------------------

Proportion of membership of each pre-defined

 population in each of the 3 clusters



Given    Inferred Clusters       Number of

 Pop       1      2      3      Individuals



  1:     0.483  0.366  0.152      179

  2:     0.025  0.067  0.908       11

  3:     0.050  0.249  0.702       15

  4:     0.123  0.066  0.811       24

  5:     0.085  0.109  0.806       26

  6:     0.011  0.020  0.969       14

  7:     0.144  0.092  0.764       65

  8:     0.047  0.037  0.916       18

  9:     0.057  0.130  0.813       17

 10:     0.057  0.087  0.856       19

--------------------------------------------



Allele-freq. divergence among pops (Kullback-Leibler distance),

computed using point estimates of P.



      1     2     3    

 1    -   0.91  0.83  

 2  0.84    -   0.55  

 3  1.30  0.96    -   

--------------------------------------------

Estimated Ln Prob of Data   = -11577.1

Mean value of ln likelihood = -11399.7

Variance of ln likelihood   = 354.8

Mean value of alpha         = 0.1143



Mean value of Fst_1         = 0.2871

Mean value of Fst_2         = 0.2724

Mean value of Fst_3         = 0.0284





Inferred ancestry of individuals:

        Label (%Miss) Pop:  Inferred clusters

  1      357    (0)    1 :  0.087 0.093 0.820 

  2      359    (0)    1 :  0.678 0.051 0.271 

  3      360    (0)    1 :  0.711 0.050 0.240 

  4      362    (0)    1 :  0.961 0.027 0.013 

  5      364    (0)    1 :  0.649 0.034 0.317 

  6      365    (0)    1 :  0.450 0.334 0.216 

  7      372    (0)    1 :  0.943 0.041 0.016 

  8      373    (0)    1 :  0.475 0.149 0.376 

  9      375    (0)    1 :  0.672 0.280 0.047 

 10      377    (0)    1 :  0.964 0.022 0.014 

 11      378    (0)    1 :  0.874 0.108 0.018 

 12      379    (0)    1 :  0.970 0.015 0.014 

 13      380    (0)    1 :  0.447 0.308 0.245 

 14      385    (0)    1 :  0.750 0.193 0.057 

 15      396    (0)    1 :  0.959 0.023 0.018 

 16      397    (0)    1 :  0.969 0.019 0.012 

 17      398    (0)    1 :  0.975 0.015 0.009 

 18      399    (0)    1 :  0.960 0.027 0.012 

 19      400    (0)    1 :  0.952 0.035 0.013 

 20     1820    (0)    1 :  0.161 0.050 0.789 

 21     1821    (0)    1 :  0.017 0.966 0.017 

 22     1822    (0)    1 :  0.964 0.023 0.013 

 23     1823    (0)    1 :  0.030 0.955 0.015 

 24     1824    (0)    1 :  0.034 0.942 0.024 

 25     1825    (0)    1 :  0.039 0.489 0.472 

 26     1826    (0)    1 :  0.815 0.085 0.100 

 27     1827    (0)    1 :  0.930 0.056 0.014 

 28     1828    (0)    1 :  0.914 0.071 0.015 

 29     1829    (0)    1 :  0.491 0.493 0.016 

 30     1830    (0)    1 :  0.873 0.095 0.032 

 31     1831    (0)    1 :  0.665 0.311 0.025 

 32     1832    (0)    1 :  0.824 0.064 0.112 

 33     1833    (0)    1 :  0.943 0.037 0.020 

 34     1834    (0)    1 :  0.097 0.888 0.015 

 35     1835    (0)    1 :  0.494 0.051 0.455 

 36     1836    (0)    1 :  0.076 0.904 0.020 

 37     1837    (0)    1 :  0.023 0.964 0.013 

 38     1838    (0)    1 :  0.047 0.123 0.830 

 39     1839    (0)    1 :  0.251 0.170 0.580 

 40     1841    (0)    1 :  0.761 0.149 0.090 

 41     1842    (0)    1 :  0.018 0.953 0.030 

 42     1843    (0)    1 :  0.141 0.788 0.071 

 43     1844    (0)    1 :  0.968 0.019 0.012 

 44     1845    (0)    1 :  0.979 0.010 0.011 

 45     1846    (0)    1 :  0.896 0.086 0.018 

 46     1847    (0)    1 :  0.982 0.008 0.010 

 47     1848    (0)    1 :  0.980 0.009 0.011 

 48     1849    (0)    1 :  0.009 0.980 0.011 

 49     1850    (0)    1 :  0.974 0.013 0.013 

 50     1921    (0)    1 :  0.956 0.032 0.013 

 51     1922    (0)    1 :  0.631 0.012 0.357 

 52     1923    (0)    1 :  0.527 0.017 0.456 

 53     1924    (0)    1 :  0.927 0.058 0.015 

 54     1925    (0)    1 :  0.095 0.873 0.032 

 55     1926    (0)    1 :  0.235 0.753 0.012 

 56     1927    (0)    1 :  0.967 0.022 0.012 

 57     1928    (0)    1 :  0.971 0.017 0.012 

 58     1929    (0)    1 :  0.012 0.977 0.011 

 59     1930    (0)    1 :  0.261 0.717 0.022 

 60     1931    (0)    1 :  0.438 0.546 0.016 

 61     1932    (0)    1 :  0.563 0.402 0.035 

 62     1933    (0)    1 :  0.017 0.967 0.016 

 63     1934    (0)    1 :  0.884 0.100 0.016 

 64     1935    (0)    1 :  0.178 0.028 0.794 

 65     1936    (0)    1 :  0.971 0.017 0.012 

 66     1937    (0)    1 :  0.592 0.062 0.346 

 67     1938    (0)    1 :  0.940 0.042 0.018 

 68     1939    (0)    1 :  0.772 0.210 0.018 

 69     1940    (0)    1 :  0.056 0.923 0.021 

 70     1941    (0)    1 :  0.694 0.291 0.015 

 71      871    (0)    1 :  0.891 0.074 0.035 

 72      873    (0)    1 :  0.970 0.018 0.012 

 73     1065    (0)    1 :  0.946 0.041 0.013 

 74     1066    (0)    1 :  0.928 0.057 0.014 

 75     1067    (0)    1 :  0.941 0.044 0.015 

 76     1069    (0)    1 :  0.013 0.969 0.018 

 77     1070    (0)    1 :  0.025 0.601 0.374 

 78     1072    (0)    1 :  0.131 0.846 0.023 

 79     1073    (0)    1 :  0.027 0.782 0.192 

 80     1074    (0)    1 :  0.021 0.963 0.016 

 81     1075    (0)    1 :  0.019 0.965 0.016 

 82     1076    (0)    1 :  0.026 0.955 0.019 

 83     1077    (0)    1 :  0.028 0.950 0.022 

 84     1078    (0)    1 :  0.016 0.956 0.028 

 85     1080    (0)    1 :  0.013 0.965 0.022 

 86     1081    (0)    1 :  0.016 0.964 0.020 

 87     1082    (0)    1 :  0.545 0.411 0.043 

 88     1083    (0)    1 :  0.024 0.959 0.018 

 89     1084    (0)    1 :  0.019 0.967 0.014 

 90     1085    (0)    1 :  0.019 0.964 0.017 

 91     1086    (0)    1 :  0.014 0.972 0.014 

 92     1087    (0)    1 :  0.025 0.541 0.434 

 93     1089    (0)    1 :  0.225 0.078 0.696 

 94     1090    (0)    1 :  0.234 0.748 0.018 

 95     1091    (0)    1 :  0.016 0.971 0.013 

 96     1092    (0)    1 :  0.471 0.060 0.469 

 97     1093    (0)    1 :  0.779 0.191 0.030 

 98     1094    (0)    1 :  0.023 0.965 0.012 

 99     1095    (0)    1 :  0.030 0.154 0.816 

100     1096    (0)    1 :  0.598 0.387 0.015 

101     1097    (0)    1 :  0.890 0.092 0.018 

102     1098    (0)    1 :  0.044 0.941 0.015 

103     1099    (0)    1 :  0.625 0.341 0.034 

104     1100    (0)    1 :  0.865 0.108 0.028 

105     1101    (0)    1 :  0.014 0.058 0.928 

106     1102    (0)    1 :  0.338 0.644 0.019 

107     1103    (0)    1 :  0.592 0.055 0.352 

108     1104    (0)    1 :  0.016 0.285 0.699 

109     1105    (0)    1 :  0.847 0.134 0.020 

110     1106    (0)    1 :  0.408 0.514 0.077 

111     1107    (0)    1 :  0.324 0.195 0.482 

112     1108    (0)    1 :  0.011 0.977 0.011 

113     1109    (0)    1 :  0.020 0.885 0.095 

114     1110    (0)    1 :  0.021 0.614 0.365 

115     1111    (0)    1 :  0.018 0.504 0.478 

116     1112    (0)    1 :  0.019 0.624 0.357 

117     1113    (0)    1 :  0.366 0.588 0.046 

118     1115    (0)    1 :  0.298 0.258 0.444 

119     1116    (0)    1 :  0.018 0.137 0.845 

120     1117    (0)    1 :  0.944 0.037 0.018 

121     1118    (0)    1 :  0.966 0.022 0.012 

122     1119    (0)    1 :  0.790 0.176 0.034 

123     1120    (0)    1 :  0.423 0.462 0.115 

124     1121    (0)    1 :  0.949 0.038 0.012 

125     1122    (0)    1 :  0.015 0.975 0.010 

126     1123    (0)    1 :  0.217 0.768 0.015 

127     1124    (0)    1 :  0.014 0.976 0.010 

128     1125    (0)    1 :  0.048 0.934 0.019 

129     1126    (0)    1 :  0.031 0.070 0.899 

130     1127    (0)    1 :  0.011 0.978 0.011 

131     1129    (0)    1 :  0.834 0.140 0.026 

132     1132    (0)    1 :  0.974 0.015 0.012 

133     1133    (0)    1 :  0.529 0.180 0.291 

134     1135    (0)    1 :  0.167 0.801 0.032 

135     1137    (0)    1 :  0.046 0.030 0.923 

136     1138    (0)    1 :  0.302 0.098 0.599 

137     1155    (0)    1 :  0.142 0.033 0.825 

138     1156    (0)    1 :  0.513 0.448 0.039 

139     1161    (0)    1 :  0.173 0.246 0.581 

140     1164    (0)    1 :  0.925 0.057 0.018 

141     1165    (0)    1 :  0.631 0.243 0.126 

142     1169    (0)    1 :  0.978 0.011 0.012 

143     1170    (0)    1 :  0.747 0.205 0.048 

144     1173    (0)    1 :  0.943 0.042 0.015 

145     1175    (0)    1 :  0.082 0.771 0.147 

146     1176    (0)    1 :  0.980 0.009 0.011 

147     1177    (0)    1 :  0.977 0.011 0.012 

148     1178    (0)    1 :  0.975 0.012 0.013 

149     1179    (0)    1 :  0.964 0.024 0.012 

150     1181    (0)    1 :  0.974 0.013 0.012 

151     1182    (0)    1 :  0.970 0.019 0.010 

152     1183    (0)    1 :  0.976 0.013 0.011 

153     1184    (0)    1 :  0.979 0.010 0.011 

154     1186    (0)    1 :  0.013 0.975 0.011 

155     1188    (0)    1 :  0.011 0.978 0.010 

156     1189    (0)    1 :  0.285 0.626 0.089 

157     1190    (0)    1 :  0.977 0.012 0.011 

158     1191    (0)    1 :  0.332 0.083 0.585 

159     1192    (0)    1 :  0.946 0.038 0.016 

160     1193    (0)    1 :  0.972 0.016 0.012 

161     1195    (0)    1 :  0.960 0.026 0.015 

162     1196    (0)    1 :  0.964 0.024 0.012 

163     1198    (0)    1 :  0.016 0.071 0.913 

164     1199    (0)    1 :  0.021 0.961 0.018 

165      358    (0)    1 :  0.672 0.304 0.024 

166      361    (0)    1 :  0.968 0.019 0.014 

167      367    (0)    1 :  0.978 0.011 0.012 

168      369    (0)    1 :  0.480 0.086 0.434 

169      370    (0)    1 :  0.769 0.133 0.098 

170      382    (0)    1 :  0.010 0.980 0.011 

171      383    (0)    1 :  0.251 0.729 0.019 

172      387    (0)    1 :  0.012 0.977 0.010 

173      388    (0)    1 :  0.016 0.974 0.011 

174      390    (0)    1 :  0.018 0.971 0.011 

175      391    (0)    1 :  0.971 0.015 0.014 

176     1851    (0)    1 :  0.019 0.316 0.665 

177      966    (0)    1 :  0.081 0.118 0.800 

178      967    (0)    1 :  0.133 0.286 0.581 

179      968    (0)    1 :  0.018 0.795 0.187 

180     CAR3    (0)    2 :  0.065 0.047 0.888 

181     CAR5    (0)    2 :  0.013 0.009 0.978 

182     CAR6    (0)    2 :  0.017 0.014 0.969 

183       R7    (0)    2 :  0.032 0.009 0.959 

184       R8    (0)    2 :  0.029 0.025 0.946 

185       R9    (0)    2 :  0.049 0.288 0.663 

186     RBR1    (0)    2 :  0.013 0.175 0.813 

187     RBR3    (0)    2 :  0.014 0.016 0.970 

188     RBR4    (0)    2 :  0.013 0.013 0.974 

189     RBR5    (0)    2 :  0.015 0.015 0.970 

190     RBR6    (0)    2 :  0.013 0.128 0.858 

191      701    (0)    3 :  0.179 0.530 0.291 

192      702    (0)    3 :  0.028 0.043 0.930 

193      703    (0)    3 :  0.023 0.023 0.954 

194      704    (0)    3 :  0.011 0.374 0.616 

195      705    (0)    3 :  0.062 0.417 0.521 

196      706    (0)    3 :  0.068 0.400 0.532 

197      707    (0)    3 :  0.051 0.497 0.452 

198      708    (0)    3 :  0.046 0.386 0.568 

199      709    (0)    3 :  0.042 0.087 0.871 

200    CM710    (0)    3 :  0.021 0.077 0.902 

201      711    (0)    3 :  0.019 0.085 0.896 

202      712    (0)    3 :  0.044 0.051 0.905 

203    CM713    (0)    3 :  0.025 0.057 0.919 

204      715    (0)    3 :  0.090 0.448 0.462 

205    CMNM1    (0)    3 :  0.037 0.257 0.706 

206      CL6    (0)    4 :  0.010 0.048 0.942 

207      NM1    (0)    4 :  0.587 0.019 0.394 

208      NM2    (0)    4 :  0.027 0.024 0.950 

209      NM3    (0)    4 :  0.233 0.088 0.678 

210      776    (0)    4 :  0.024 0.076 0.900 

211      777    (0)    4 :  0.083 0.014 0.903 

212      780    (0)    4 :  0.033 0.137 0.830 

213      877    (0)    4 :  0.089 0.036 0.875 

214    CL878    (0)    4 :  0.222 0.021 0.757 

215      879    (0)    4 :  0.341 0.018 0.641 

216      880    (0)    4 :  0.160 0.018 0.822 

217      883    (0)    4 :  0.155 0.039 0.806 

218      884    (0)    4 :  0.248 0.109 0.644 

219      885    (0)    4 :  0.015 0.034 0.951 

220    CL886    (0)    4 :  0.187 0.191 0.623 

221      887    (0)    4 :  0.020 0.045 0.935 

222    CL888    (0)    4 :  0.058 0.038 0.904 

223      889    (0)    4 :  0.160 0.040 0.800 

224      890    (0)    4 :  0.035 0.043 0.922 

225      891    (0)    4 :  0.027 0.033 0.940 

226      892    (0)    4 :  0.103 0.060 0.837 

227    CL876    (0)    4 :  0.076 0.075 0.849 

228      CL3    (0)    4 :  0.015 0.074 0.911 

229    CL778    (0)    4 :  0.044 0.312 0.644 

230      TC1    (0)    5 :  0.380 0.410 0.209 

231      TC2    (0)    5 :  0.109 0.266 0.625 

232    TCNM1    (0)    5 :  0.016 0.034 0.950 

233     TNM2    (0)    5 :  0.062 0.222 0.716 

234     TNM3    (0)    5 :  0.038 0.059 0.902 

235     TNM4    (0)    5 :  0.018 0.025 0.957 

236     TNM5    (0)    5 :  0.017 0.042 0.941 

237   TC1002    (0)    5 :  0.025 0.034 0.941 

238     1003    (0)    5 :  0.066 0.278 0.656 

239     1004    (0)    5 :  0.028 0.027 0.945 

240     1005    (0)    5 :  0.026 0.043 0.931 

241     1006    (0)    5 :  0.026 0.047 0.927 

242     1007    (0)    5 :  0.015 0.194 0.791 

243     1008    (0)    5 :  0.021 0.043 0.936 

244     1009    (0)    5 :  0.047 0.086 0.867 

245     1010    (0)    5 :  0.035 0.014 0.951 

246     1011    (0)    5 :  0.487 0.032 0.481 

247     1012    (0)    5 :  0.157 0.101 0.742 

248     1013    (0)    5 :  0.029 0.069 0.901 

249     1014    (0)    5 :  0.316 0.069 0.615 

250     1015    (0)    5 :  0.082 0.100 0.818 

251     1016    (0)    5 :  0.020 0.085 0.895 

252     1017    (0)    5 :  0.023 0.092 0.885 

253     1018    (0)    5 :  0.020 0.030 0.950 

254     1019    (0)    5 :  0.138 0.410 0.452 

255     1020    (0)    5 :  0.019 0.019 0.962 

256      CT1    (0)    6 :  0.014 0.018 0.967 

257     CT10    (0)    6 :  0.012 0.026 0.962 

258      CT4    (0)    6 :  0.011 0.017 0.972 

259      CT6    (0)    6 :  0.010 0.015 0.975 

260      CT7    (0)    6 :  0.009 0.019 0.973 

261      CT8    (0)    6 :  0.013 0.016 0.971 

262      CT9    (0)    6 :  0.011 0.014 0.975 

263    CTNM1    (0)    6 :  0.012 0.020 0.967 

264    CTNM3    (0)    6 :  0.009 0.019 0.973 

265    CTNM4    (0)    6 :  0.011 0.016 0.973 

266    CTNM5    (0)    6 :  0.009 0.019 0.972 

267    CTNM6    (0)    6 :  0.009 0.019 0.972 

268    CTNM7    (0)    6 :  0.015 0.038 0.946 

269    CTNM8    (0)    6 :  0.012 0.024 0.964 

270      760    (0)    7 :  0.018 0.025 0.958 

271    NN761    (0)    7 :  0.018 0.016 0.966 

272      762    (0)    7 :  0.099 0.454 0.447 

273      763    (0)    7 :  0.024 0.035 0.940 

274      764    (0)    7 :  0.028 0.028 0.944 

275      765    (0)    7 :  0.027 0.030 0.943 

276      766    (0)    7 :  0.099 0.052 0.850 

277      767    (0)    7 :  0.022 0.039 0.939 

278      768    (0)    7 :  0.035 0.032 0.934 

279    NN769    (0)    7 :  0.049 0.027 0.924 

280      770    (0)    7 :  0.025 0.083 0.892 

281      772    (0)    7 :  0.052 0.019 0.928 

282      774    (0)    7 :  0.054 0.033 0.914 

283      775    (0)    7 :  0.019 0.067 0.914 

284    NNNM1    (0)    7 :  0.018 0.038 0.943 

285    NNNM2    (0)    7 :  0.080 0.027 0.893 

286    NNNM3    (0)    7 :  0.080 0.029 0.892 

287    NNNM4    (0)    7 :  0.146 0.092 0.762 

288    NNNM5    (0)    7 :  0.020 0.050 0.930 

289    NNNM6    (0)    7 :  0.040 0.064 0.895 

290      901    (0)    7 :  0.293 0.017 0.690 

291      902    (0)    7 :  0.965 0.017 0.017 

292      903    (0)    7 :  0.912 0.030 0.059 

293      904    (0)    7 :  0.963 0.022 0.015 

294      905    (0)    7 :  0.373 0.017 0.610 

295      906    (0)    7 :  0.932 0.017 0.052 

296      907    (0)    7 :  0.039 0.145 0.815 

297      908    (0)    7 :  0.027 0.041 0.932 

298      909    (0)    7 :  0.934 0.025 0.041 

299      910    (0)    7 :  0.035 0.063 0.902 

300      911    (0)    7 :  0.189 0.047 0.764 

301      912    (0)    7 :  0.040 0.080 0.881 

302      913    (0)    7 :  0.011 0.017 0.971 

303      914    (0)    7 :  0.029 0.104 0.868 

304      915    (0)    7 :  0.322 0.271 0.407 

305      916    (0)    7 :  0.023 0.169 0.808 

306      917    (0)    7 :  0.014 0.015 0.971 

307      918    (0)    7 :  0.026 0.155 0.819 

308      919    (0)    7 :  0.101 0.100 0.799 

309      920    (0)    7 :  0.016 0.099 0.886 

310      921    (0)    7 :  0.022 0.077 0.900 

311      922    (0)    7 :  0.350 0.406 0.244 

312      923    (0)    7 :  0.188 0.679 0.133 

313      924    (0)    7 :  0.084 0.097 0.819 

314      925    (0)    7 :  0.033 0.062 0.905 

315      926    (0)    7 :  0.024 0.131 0.845 

316      927    (0)    7 :  0.168 0.033 0.799 

317      928    (0)    7 :  0.074 0.030 0.897 

318      929    (0)    7 :  0.084 0.016 0.900 

319      930    (0)    7 :  0.011 0.117 0.872 

320      931    (0)    7 :  0.343 0.117 0.541 

321      932    (0)    7 :  0.192 0.200 0.608 

322      933    (0)    7 :  0.092 0.014 0.894 

323      934    (0)    7 :  0.118 0.241 0.641 

324      935    (0)    7 :  0.020 0.061 0.919 

325      936    (0)    7 :  0.019 0.108 0.873 

326      937    (0)    7 :  0.066 0.103 0.831 

327      938    (0)    7 :  0.046 0.070 0.884 

328      939    (0)    7 :  0.055 0.068 0.877 

329      940    (0)    7 :  0.047 0.116 0.837 

330      941    (0)    7 :  0.044 0.122 0.834 

331      942    (0)    7 :  0.016 0.029 0.955 

332      943    (0)    7 :  0.031 0.280 0.689 

333      944    (0)    7 :  0.058 0.039 0.904 

334      945    (0)    7 :  0.011 0.049 0.940 

335      946    (0)    8 :  0.028 0.046 0.926 

336      948    (0)    8 :  0.015 0.024 0.961 

337      949    (0)    8 :  0.056 0.011 0.933 

338      950    (0)    8 :  0.068 0.106 0.826 

339      951    (0)    8 :  0.054 0.016 0.930 

340      952    (0)    8 :  0.053 0.024 0.923 

341      953    (0)    8 :  0.020 0.034 0.946 

342      954    (0)    8 :  0.105 0.028 0.867 

343      955    (0)    8 :  0.032 0.018 0.950 

344      956    (0)    8 :  0.020 0.064 0.916 

345      957    (0)    8 :  0.026 0.031 0.943 

346      958    (0)    8 :  0.064 0.034 0.902 

347      959    (0)    8 :  0.080 0.028 0.892 

348      960    (0)    8 :  0.021 0.022 0.957 

349      961    (0)    8 :  0.121 0.033 0.846 

350      962    (0)    8 :  0.019 0.037 0.945 

351      963    (0)    8 :  0.021 0.016 0.962 

352      964    (0)    8 :  0.040 0.100 0.859 

353      969    (0)    9 :  0.078 0.819 0.103 

354      970    (0)    9 :  0.070 0.257 0.673 

355      971    (0)    9 :  0.310 0.031 0.659 

356      972    (0)    9 :  0.014 0.027 0.959 

357      973    (0)    9 :  0.047 0.392 0.561 

358      974    (0)    9 :  0.031 0.024 0.945 

359      975    (0)    9 :  0.013 0.093 0.893 

360      976    (0)    9 :  0.052 0.102 0.846 

361      977    (0)    9 :  0.025 0.021 0.954 

362      978    (0)    9 :  0.022 0.029 0.950 

363      979    (0)    9 :  0.022 0.044 0.934 

364      980    (0)    9 :  0.012 0.028 0.960 

365      981    (9)    9 :  0.026 0.069 0.905 

366      982    (0)    9 :  0.014 0.069 0.916 

367      983    (0)    9 :  0.201 0.151 0.648 

368      984    (0)    9 :  0.016 0.027 0.957 

369      985    (0)    9 :  0.010 0.030 0.960 

370      986    (0)   10 :  0.193 0.066 0.741 

371      987    (0)   10 :  0.022 0.033 0.945 

372      988    (0)   10 :  0.049 0.023 0.928 

373      989    (0)   10 :  0.030 0.067 0.902 

374      990    (0)   10 :  0.039 0.041 0.920 

375      991    (0)   10 :  0.073 0.093 0.834 

376      992    (0)   10 :  0.027 0.030 0.943 

377      993    (0)   10 :  0.056 0.067 0.878 

378      994    (0)   10 :  0.047 0.057 0.896 

379      995    (0)   10 :  0.044 0.023 0.933 

380      996    (0)   10 :  0.011 0.013 0.975 

381      997    (0)   10 :  0.079 0.168 0.753 

382      998    (0)   10 :  0.150 0.150 0.700 

383      999    (0)   10 :  0.022 0.158 0.821 

384     999*    (0)   10 :  0.122 0.095 0.783 

385     1000    (0)   10 :  0.016 0.012 0.971 

386      436    (0)   10 :  0.036 0.177 0.787 

387      440    (0)   10 :  0.027 0.322 0.651 

388      444    (0)   10 :  0.044 0.053 0.902 





Estimated Allele Frequencies in each population

First column gives estimated ancestral frequencies





Locus 1 : 

8 alleles

0.0% missing data

 119   (0.399) 0.703 0.755 0.391 

 121   (0.067) 0.190 0.002 0.043 

 117   (0.234) 0.099 0.146 0.245 

 109   (0.055) 0.001 0.085 0.033 

 127   (0.127) 0.004 0.003 0.205 

 125   (0.035) 0.001 0.002 0.021 

 129   (0.043) 0.001 0.007 0.028 

 113   (0.040) 0.001 0.001 0.033 



Locus 2 : 

14 alleles

0.0% missing data

 178   (0.204) 0.514 0.667 0.173 

 192   (0.055) 0.001 0.002 0.063 

 194   (0.092) 0.340 0.003 0.081 

 176   (0.142) 0.003 0.091 0.189 

 206   (0.132) 0.003 0.008 0.235 

 204   (0.104) 0.010 0.045 0.111 

 186   (0.070) 0.126 0.001 0.056 

 190   (0.043) 0.001 0.180 0.018 

 200   (0.019) 0.000 0.001 0.004 

 220   (0.025) 0.000 0.001 0.009 

 210   (0.027) 0.000 0.001 0.014 

 202   (0.024) 0.000 0.000 0.009 

 180   (0.033) 0.000 0.001 0.023 

 196   (0.029) 0.000 0.001 0.016 



Locus 3 : 

2 alleles

0.0% missing data

 244   (0.485) 0.261 0.751 0.475 

 246   (0.515) 0.739 0.249 0.525 



Locus 4 : 

13 alleles

0.0% missing data

 106   (0.106) 0.005 0.003 0.184 

 142   (0.072) 0.073 0.105 0.036 

 122   (0.065) 0.136 0.002 0.053 

 124   (0.056) 0.001 0.186 0.037 

 104   (0.304) 0.662 0.648 0.318 

 102   (0.105) 0.093 0.031 0.106 

 110   (0.078) 0.001 0.002 0.126 

 116   (0.038) 0.004 0.015 0.016 

 118   (0.021) 0.000 0.001 0.006 

 112   (0.083) 0.022 0.005 0.085 

 128   (0.021) 0.000 0.000 0.006 

 108   (0.031) 0.001 0.001 0.021 

 114   (0.021) 0.000 0.000 0.006 



Locus 5 : 

16 alleles

0.0% missing data

 173   (0.153) 0.030 0.383 0.172 

 183   (0.111) 0.650 0.286 0.071 

 161   (0.077) 0.002 0.002 0.127 

 167   (0.115) 0.195 0.205 0.089 

 145   (0.030) 0.065 0.001 0.007 

 187   (0.050) 0.032 0.018 0.023 

 169   (0.039) 0.017 0.007 0.015 

 159   (0.019) 0.001 0.000 0.003 

 153   (0.047) 0.002 0.001 0.050 

 185   (0.047) 0.001 0.065 0.029 

 177   (0.059) 0.001 0.003 0.081 

 175   (0.083) 0.001 0.024 0.124 

 143   (0.091) 0.001 0.002 0.169 

 171   (0.032) 0.001 0.001 0.021 

 165   (0.024) 0.000 0.000 0.009 

 179   (0.023) 0.000 0.000 0.009 



Locus 6 : 

4 alleles

0.3% missing data

 221   (0.546) 0.464 0.862 0.526 

 228   (0.120) 0.007 0.007 0.145 

 222   (0.126) 0.519 0.069 0.076 

 226   (0.208) 0.011 0.061 0.252 



Locus 7 : 

3 alleles

0.0% missing data

 231   (0.627) 0.637 0.963 0.606 

 235   (0.352) 0.363 0.037 0.390 

 233   (0.020) 0.000 0.000 0.004 



Locus 8 : 

6 alleles

0.0% missing data

  93   (0.161) 0.331 0.186 0.124 

  95   (0.315) 0.386 0.239 0.323 

  97   (0.401) 0.281 0.573 0.432 

 107   (0.029) 0.000 0.001 0.014 

 101   (0.075) 0.001 0.002 0.104 

 103   (0.020) 0.000 0.000 0.004 



Locus 9 : 

11 alleles

0.0% missing data

 132   (0.237) 0.005 0.215 0.358 

 146   (0.173) 0.074 0.361 0.160 

 142   (0.070) 0.484 0.269 0.026 

 148   (0.052) 0.009 0.010 0.031 

 134   (0.077) 0.127 0.005 0.061 

 136   (0.134) 0.240 0.130 0.104 

 118   (0.090) 0.055 0.005 0.090 

 144   (0.086) 0.003 0.003 0.123 

 116   (0.040) 0.001 0.001 0.038 

 138   (0.019) 0.000 0.000 0.004 

 152   (0.022) 0.000 0.000 0.006 



Locus 10 : 

5 alleles

0.0% missing data

 198   (0.604) 0.601 0.732 0.663 

 200   (0.191) 0.185 0.253 0.158 

 194   (0.144) 0.213 0.011 0.147 

 202   (0.039) 0.001 0.003 0.025 

 196   (0.023) 0.000 0.000 0.006 



Locus 11 : 

22 alleles

0.0% missing data

 249   (0.049) 0.001 0.002 0.077 

 251   (0.054) 0.002 0.009 0.079 

 257   (0.148) 0.138 0.236 0.181 

 297   (0.020) 0.001 0.001 0.006 

 283   (0.050) 0.458 0.081 0.020 

 295   (0.030) 0.201 0.001 0.010 

 261   (0.115) 0.003 0.185 0.177 

 271   (0.102) 0.051 0.230 0.097 

 287   (0.019) 0.089 0.000 0.002 

 263   (0.045) 0.002 0.092 0.028 

 289   (0.024) 0.000 0.131 0.004 

 259   (0.052) 0.001 0.003 0.077 

 275   (0.020) 0.000 0.001 0.006 

 269   (0.052) 0.001 0.001 0.082 

 281   (0.029) 0.000 0.021 0.019 

 273   (0.035) 0.001 0.001 0.037 

 285   (0.017) 0.000 0.000 0.004 

 255   (0.027) 0.000 0.001 0.021 

 291   (0.028) 0.000 0.001 0.018 

 267   (0.036) 0.000 0.001 0.042 

 265   (0.025) 0.049 0.000 0.006 

 279   (0.022) 0.000 0.001 0.009 



Values of parameters used in structure:

DATAFILE=C:\Prunus\Prunus#1\project_data,	OUTFILE=C:\Prunus\Prunus#1\Default#105\Results\Default#105_run_7,	NUMINDS=388,	NUMLOCI=11,	MISSING=-9,	LABEL=1,	POPDATA=1,	POPFLAG=0,	PHENOTYPE=0,	EXTRACOLS=0,	MAXPOPS=3,	BURNIN=30000,	NUMREPS=100000,	USEPOPINFO=0,	INFERALPHA=1,	INFERLAMBDA=0,	POPSPECIFICLAMBDA=0,	POPALPHAS=0,	COMPUTEPROB=1,	NOADMIX=0,	ADMBURNIN=2500,	UPDATEFREQ=1,	PRINTLIKES=0,	INTERMEDSAVE=0,	PRINTKLD=0,	PRINTLAMBDA=0,	ANCESTDIST=0,	NUMBOXES=1000,	ANCESTPINT=0.90000,	GENSBACK=2,	MIGRPRIOR=0.05000,	PRINTQHAT=0,	PRINTQSUM=0,	ALPHA=1.0000,	FREQSCORR=1,	FPRIORMEAN=0.0100,	FPRIORSD=0.0500,	ONEFST=0,	LAMBDA=1.0000,	UNIFPRIORALPHA=1,	ALPHAMAX=10.0000,	ALPHAPRIORA=1.0000,	ALPHAPRIORB=2.0000,	ALPHAPROPSD=0.0250,	STARTATPOPINFO=0,	RANDOMIZE=1,	LINKAGE=0,	METROFREQ=10,	REPORTHITRATE=0,	MARKOVPHASE=-1,	