SITE	MHAB	Punto	LABEL	OX	OY	SITE	SITE*	MICRO	MICROCAMPO	PUNTO	PMAH_sd	PMAH_pl	TBAC_sd	TBAC_pl	BVUL_sd	BVUL_pl	BVUL_pl2	CMON_sd	CMON_pl	CMON_pl2	PNIG_sd	PNIG_pl	PNIG_pl2	RSAX_sd	RSAX_pl	RSAX_pl2	HHEL_sd	HHEL_pl	HHEL_pl2	ROSA_sd	ROSA_pl	ROSA_pl2	LARB_sd	LARB_pl	LARB_pl2	JPHO_sd	JPHO_pl	JPHO_pl2	JCOM_sd	JCOM_pl	JCOM_pl2	AGRA_sd	AGRA_pl	AGRA_pl2	AITA_sd	AITA_pl	AITA_pl2
CAL	A	1	CALA1	-31.83	-3.03	CAL	CAL	A	A	1	0	0	0	0	13	4	4	0	0	0	1	0	0	0	0	0	0	0	0	0	0	0	13	0	0	0	0	0	0	0	0	0	0	0	0	0	0
CAL	A	2	CALA2	-78.34	19.82	CAL	CAL	A	A	2	5	1	0	0	9	0	0	0	0	0	0	0	0	18	0	0	0	0	0	0	0	0	8	1	0	1	0	0	0	0	0	0	0	0	0	0	0
CAL	A	3	CALA3	-106.63	59.05	CAL	CAL	A	A	3	18	0	0	0	7	0	0	0	0	0	2	0	0	12	0	0	0	0	0	0	0	0	0	0	0	0	0	0	0	0	0	0	0	0	0	0	0
CAL	A	4	CALA4	-111.21	49.39	CAL	CAL	A	A	4	2	5	0	0	0	1	0	0	0	0	14	0	0	0	0	0	0	0	0	0	0	0	0	0	0	0	0	0	0	0	0	0	0	0	0	0	0
CAL	A	5	CALA5	-112.48	61.24	CAL	CAL	A	A	5	17	1	0	0	0	0	0	0	0	0	1	0	0	0	0	0	0	0	0	0	0	0	0	0	0	0	0	0	0	0	0	0	0	0	0	0	0
CAL	A	6	CALA6	-110.76	69.87	CAL	CAL	A	A	6	27	2	0	0	10	1	0	0	0	0	2	0	0	23	0	0	0	0	0	0	0	0	0	0	0	1	0	0	0	0	0	0	0	0	0	0	0
CAL	A	7	CALA7	-119.23	51.68	CAL	CAL	A	A	7	6	2	0	0	0	0	0	0	0	0	5	0	0	5	0	0	0	0	0	0	0	0	0	0	0	0	0	0	0	0	0	0	0	0	0	0	0
CAL	A	8	CALA8	-129.57	43.01	CAL	CAL	A	A	8	7	0	0	0	0	0	0	0	0	0	1	0	0	0	0	0	0	0	0	0	0	0	0	0	0	0	0	0	0	0	0	0	0	0	0	0	0
CAL	A	9	CALA9	-132.92	37.2	CAL	CAL	A	A	9	1	1	0	0	2	0	0	0	0	0	3	0	0	1	0	0	0	0	0	0	0	0	4	0	0	0	0	0	0	0	0	0	0	0	0	0	0
CAL	A	10	CALA10	-156.01	16.73	CAL	CAL	A	A	10	78	0	0	0	7	1	1	0	0	0	0	0	0	1	0	0	0	0	0	0	0	0	0	0	0	0	0	0	2	0	0	1	0	0	0	0	0
CAL	A	11	CALA11	-163.88	10.54	CAL	CAL	A	A	11	17	0	0	0	1	0	0	1	0	0	0	0	0	0	0	0	0	0	0	17	0	0	0	0	0	0	0	0	0	0	0	0	0	0	0	0	0
CAL	A	12	CALA12	-162.99	5.51	CAL	CAL	A	A	12	62	0	0	0	5	0	0	0	0	0	4	0	0	0	0	0	0	0	0	0	2	1	0	0	0	0	0	0	0	0	0	0	0	0	0	0	0
CAL	A	13	CALA13	-157.51	5.99	CAL	CAL	A	A	13	16	0	0	0	8	0	0	0	0	0	1	0	0	1	0	0	0	0	0	0	0	0	0	0	0	0	0	0	0	0	0	0	0	0	0	0	0
CAL	A	14	CALA14	-161.79	-8.23	CAL	CAL	A	A	14	4	1	0	0	0	0	0	0	0	0	0	0	0	1	0	0	0	0	0	0	0	0	0	0	0	0	0	0	0	0	0	0	0	0	0	0	0
CAL	A	15	CALA15	-91.5	-25.56	CAL	CAL	A	A	15	0	0	0	0	1	0	0	2	0	0	0	0	0	0	0	0	0	0	0	0	0	0	0	0	0	0	0	0	0	0	0	0	0	0	0	0	0
CAL	A	16	CALA16	-97.52	8.01	CAL	CAL	A	A	16	3	0	0	0	6	0	0	0	0	0	1	0	0	4	0	0	0	0	0	0	0	0	0	0	0	10	0	0	0	0	0	0	0	0	0	0	0
CAL	A	17	CALA17	-31.68	9.67	CAL	CAL	A	A	17	2	0	0	0	6	0	0	0	0	0	1	0	0	7	0	0	0	0	0	32	0	0	2	0	0	0	0	0	0	0	0	0	0	0	0	0	0
CAL	A	18	CALA18	-30	0	CAL	CAL	A	A	18	0	0	0	0	9	6	6	0	0	0	1	0	0	3	2	2	1	0	0	0	0	0	0	0	0	0	0	0	0	0	0	0	0	0	0	0	0
CAL	A	19	CALA19	-11.92	2.1	CAL	CAL	A	A	19	4	0	0	0	4	1	0	0	0	0	1	0	0	0	0	0	0	0	0	0	0	0	3	1	0	0	0	0	0	0	0	0	0	0	0	0	0
CAL	A	20	CALA20	10.98	-7.69	CAL	CAL	A	A	20	0	0	0	0	0	0	0	0	0	0	4	0	0	0	0	0	0	0	0	0	0	0	0	0	0	1	0	0	0	0	0	0	0	0	0	0	0
CAL	B	1	CALB1	-18.01	-10.4	CAL	CAL	B	B	1	1	0	0	0	3	0	0	0	0	0	0	0	0	3	0	0	0	0	0	0	0	0	0	0	0	0	0	0	0	0	0	0	0	0	0	0	0
CAL	B	2	CALB2	0	0	CAL	CAL	B	B	2	0	0	0	0	0	0	0	0	0	0	6	0	0	0	0	0	0	0	0	0	0	0	0	0	0	0	0	0	6	0	0	0	0	0	0	0	0
CAL	B	3	CALB3	2.74	15.56	CAL	CAL	B	B	3	0	0	0	0	0	2	2	0	0	0	0	0	0	0	0	0	0	0	0	0	0	0	0	0	0	0	0	0	0	0	0	0	0	0	0	0	0
CAL	B	4	CALB4	12.61	-2.22	CAL	CAL	B	B	4	0	0	0	0	0	0	0	0	0	0	1	0	0	0	0	0	0	0	0	0	0	0	0	0	0	0	0	0	11	0	0	0	0	0	0	0	0
CAL	B	5	CALB5	12.85	22.26	CAL	CAL	B	B	5	0	0	0	0	0	0	0	0	0	0	0	0	0	237	0	0	0	0	0	0	0	0	0	0	0	0	0	0	0	0	0	0	0	0	0	0	0
CAL	B	6	CALB6	17.87	22.74	CAL	CAL	B	B	6	0	0	0	0	1	0	0	0	0	0	0	0	0	26	0	0	0	0	0	0	0	0	0	0	0	0	0	0	2	0	0	0	0	0	0	0	0
CAL	B	7	CALB7	-32.87	-2.32	CAL	CAL	B	B	7	0	0	0	0	17	0	0	0	0	0	0	0	0	1	0	0	0	0	0	0	0	0	0	0	0	0	0	0	0	0	0	0	0	0	1	0	0
CAL	B	8	CALB8	-32.87	2.88	CAL	CAL	B	B	8	0	0	0	0	350	2	1	0	0	0	0	0	0	10	0	0	0	0	0	0	0	0	2	0	0	0	0	0	0	0	0	0	0	0	0	0	0
CAL	B	9	CALB9	28.22	22.91	CAL	CAL	B	B	9	0	0	0	0	0	0	0	0	0	0	2	0	0	0	0	0	0	0	0	0	0	0	0	0	0	0	0	0	0	0	0	0	0	0	0	0	0
CAL	B	10	CALB10	20.77	33.56	CAL	CAL	B	B	10	0	0	0	0	0	0	0	0	0	0	3	0	0	0	0	0	0	0	0	0	0	0	0	0	0	0	0	0	0	0	0	0	0	0	0	0	0
CAL	B	11	CALB11	-87.99	7.82	CAL	CAL	B	B	11	0	1	0	0	67	20	19	0	0	0	0	0	0	1	0	0	0	0	0	0	0	0	0	0	0	0	0	0	0	0	0	0	0	0	0	0	0
CAL	B	12	CALB12	-91.72	18.06	CAL	CAL	B	B	12	0	1	0	0	57	1	1	0	0	0	1	0	0	1	0	0	0	0	0	0	0	0	0	0	0	0	0	0	0	0	0	0	0	0	0	0	0
CAL	B	13	CALB13	-90.27	35.37	CAL	CAL	B	B	13	0	0	0	0	0	0	0	0	0	0	2	0	0	293	0	0	0	0	0	0	0	0	0	0	0	0	0	0	0	0	0	0	0	0	0	0	0
CAL	B	14	CALB14	-100.96	21.89	CAL	CAL	B	B	14	0	0	0	0	0	0	0	0	0	0	0	0	0	0	0	0	0	0	0	0	0	0	0	0	0	0	0	0	1	0	0	0	0	0	0	0	0
CAL	B	15	CALB15	-101.85	23.91	CAL	CAL	B	B	15	0	0	0	0	0	0	0	0	0	0	3	0	0	26	0	0	0	0	0	0	0	0	0	0	0	0	0	0	0	0	0	0	0	0	0	0	0
CAL	B	16	CALB16	-108.58	55.67	CAL	CAL	B	B	16	0	3	0	0	0	0	0	0	0	0	1	0	0	0	0	0	0	0	0	0	0	0	0	0	0	0	0	0	0	0	0	0	0	0	0	0	0
CAL	B	17	CALB17	-124.37	62.42	CAL	CAL	B	B	17	0	0	0	0	0	0	0	0	0	0	1	0	0	0	0	0	0	0	0	0	0	0	0	0	0	0	0	0	0	0	0	0	0	0	0	0	0
CAL	B	18	CALB18	-112.18	68.42	CAL	CAL	B	B	18	4	0	0	0	1	0	0	0	0	0	1	0	0	4	0	0	0	0	0	0	0	0	0	0	0	0	0	0	0	0	0	0	0	0	0	0	0
CAL	B	19	CALB19	-107.13	72.21	CAL	CAL	B	B	19	0	1	0	0	5	0	0	0	0	0	0	0	0	2	1	1	0	0	0	2	0	0	0	0	0	0	0	0	0	0	0	0	0	0	0	0	0
CAL	B	20	CALB20	-90.66	71.03	CAL	CAL	B	B	20	0	0	0	0	0	0	0	0	0	0	0	0	0	0	0	0	0	0	0	0	0	0	0	0	0	0	0	0	0	0	0	0	0	0	0	0	0
CAL	N	1	CALN1	-164.95	36.57	CAL	CAL	N	N	1	0	0	0	0	2	0	0	0	0	0	2	0	0	0	0	0	0	0	0	0	0	0	0	0	0	0	0	0	0	0	0	0	0	0	0	0	0
CAL	N	2	CALN2	-166	34.54	CAL	CAL	N	N	2	0	0	0	0	6	0	0	0	0	0	2	0	0	1	0	0	0	0	0	0	0	0	0	0	0	0	0	0	0	0	0	0	0	0	0	0	0
CAL	N	3	CALN3	-168.8	31.97	CAL	CAL	N	N	3	3	0	0	0	0	0	0	0	0	0	2	0	0	0	0	0	0	0	0	0	0	0	0	0	0	0	0	0	0	0	0	0	0	0	0	0	0
CAL	N	4	CALN4	-168.21	35.32	CAL	CAL	N	N	4	2	0	0	0	2	0	0	0	0	0	1	0	0	2	0	0	0	0	0	1	0	0	0	0	0	1	0	0	0	0	0	0	0	0	0	0	0
CAL	N	5	CALN5	-164.71	42.84	CAL	CAL	N	N	5	3	0	0	0	0	0	0	0	0	0	0	0	0	3	0	0	0	0	0	0	0	0	0	0	0	0	0	0	0	0	0	2	0	0	0	0	0
CAL	N	6	CALN6	-179.29	11.84	CAL	CAL	N	N	6	2	1	0	0	1	0	0	0	0	0	0	0	0	7	0	0	0	0	0	0	0	0	0	0	0	0	0	0	0	0	0	0	0	0	0	0	0
CAL	N	7	CALN7	-179.84	14.99	CAL	CAL	N	N	7	20	5	0	0	5	2	2	0	0	0	3	0	0	1	0	0	1	0	0	0	0	0	0	0	0	3	0	0	0	0	0	0	0	0	1	0	0
CAL	N	8	CALN8	-125.49	18.47	CAL	CAL	N	N	8	0	0	0	0	0	0	0	0	0	0	2	0	0	2	0	0	0	0	0	0	0	0	0	0	0	0	0	0	0	0	0	0	0	0	0	0	0
CAL	N	9	CALN9	-125.28	20.69	CAL	CAL	N	N	9	0	0	0	0	0	0	0	0	0	0	1	0	0	5	0	0	0	0	0	0	0	0	0	0	0	0	0	0	0	0	0	0	0	0	0	0	0
CAL	N	10	CALN10	-123.7	23.48	CAL	CAL	N	N	10	0	0	0	0	3	0	0	0	0	0	3	0	0	7	0	0	0	0	0	0	0	0	0	0	0	0	0	0	0	0	0	0	0	0	0	0	0
CAL	N	11	CALN11	-6.97	-160.3	CAL	CAL	N	N	11	0	0	0	0	0	0	0	0	0	0	2	0	0	8	0	0	0	0	0	0	0	0	0	0	0	0	0	0	0	0	0	46	0	0	0	0	0
CAL	N	12	CALN12	-7.26	-166.9	CAL	CAL	N	N	12	1	0	0	0	0	0	0	0	0	0	3	0	0	0	0	0	0	0	0	0	0	0	0	0	0	0	0	0	0	0	0	247	1	1	0	0	0
CAL	N	13	CALN13	-4.94	-164.65	CAL	CAL	N	N	13	0	0	0	0	0	0	0	0	0	0	6	0	0	0	0	0	0	0	0	0	0	0	0	1	0	0	0	0	0	0	0	539	4	4	0	0	0
CAL	N	14	CALN14	-5.97	-171.76	CAL	CAL	N	N	14	0	0	0	0	0	0	0	0	0	0	0	0	0	0	0	0	0	0	0	0	0	0	0	0	0	0	0	0	0	0	0	0	2	2	0	0	0
CAL	N	15	CALN15	-2.37	-174.9	CAL	CAL	N	N	15	0	0	0	0	0	3	3	0	0	0	0	0	0	0	0	0	0	0	0	0	0	0	0	0	0	0	0	0	0	0	0	14	0	0	0	0	0
CAL	N	16	CALN16	0.51	-176.35	CAL	CAL	N	N	16	0	0	0	0	0	0	0	0	0	0	3	0	0	0	0	0	0	0	0	0	0	0	0	0	0	0	0	0	1	0	0	7	1	1	1	0	0
CAL	N	17	CALN17	7.88	-175.15	CAL	CAL	N	N	17	1	0	0	0	0	0	0	0	0	0	3	0	0	0	0	0	0	0	0	0	0	0	0	0	0	0	0	0	0	0	0	36	0	0	0	0	0
CAL	N	18	CALN18	-31.44	-176.01	CAL	CAL	N	N	18	0	0	0	0	0	0	0	0	0	0	3	0	0	0	0	0	0	0	0	0	0	0	0	0	0	19	0	0	0	0	0	0	0	0	0	0	0
CAL	N	19	CALN19	-5.41	-194.79	CAL	CAL	N	N	19	2	0	0	0	0	1	1	0	0	0	0	0	0	0	0	0	1	0	0	0	0	0	0	0	0	0	0	0	0	0	0	0	0	0	0	0	0
CAL	N	20	CALN20	-11.52	-203.61	CAL	CAL	N	N	20	2	0	0	0	0	0	0	0	0	0	1	0	0	0	0	0	0	0	0	0	0	0	1	0	0	0	0	0	0	0	0	0	0	0	0	0	0
CAL	P	1	CALP1	4.75	-24.79	CAL	CAL	P	P	1	0	0	0	0	0	1	1	1	0	0	1	0	0	0	0	0	0	0	0	0	0	0	0	0	0	0	0	0	1	0	0	0	0	0	0	0	0
CAL	P	2	CALP2	17.67	-8.24	CAL	CAL	P	P	2	0	0	0	0	1	3	3	0	0	0	2	0	0	0	0	0	0	0	0	0	0	0	0	0	0	0	0	0	0	0	0	0	0	0	0	0	0
CAL	P	3	CALP3	26.8	2.64	CAL	CAL	P	P	3	0	0	0	0	1	0	0	0	0	0	1	0	0	0	0	0	0	0	0	0	0	0	0	0	0	0	0	0	1	0	0	0	0	0	0	0	0
CAL	P	4	CALP4	43.8	1.27	CAL	CAL	P	P	4	0	0	0	0	0	0	0	0	0	0	5	0	0	0	0	0	1	0	0	0	0	0	0	0	0	0	0	0	2	0	0	0	0	0	0	0	0
CAL	P	5	CALP5	39.53	17.8	CAL	CAL	P	P	5	0	0	1	0	0	0	0	0	0	0	3	0	0	0	0	0	0	0	0	0	0	0	0	0	0	1	0	0	2	0	0	0	0	0	0	0	0
CAL	P	6	CALP6	-93.89	35.38	CAL	CAL	P	P	6	2	0	0	0	19	0	0	0	0	0	6	0	0	7	1	0	0	0	0	0	0	0	0	0	0	7	0	0	1	0	0	0	0	0	0	0	0
CAL	P	7	CALP7	-111.65	41.05	CAL	CAL	P	P	7	7	2	0	0	0	0	0	0	0	0	22	0	0	1	0	0	0	0	0	0	0	0	0	0	0	0	0	0	0	0	0	0	0	0	0	0	0
CAL	P	8	CALP8	-103.31	49.39	CAL	CAL	P	P	8	2	1	0	0	0	0	0	0	0	0	1	0	0	0	0	0	0	0	0	0	0	0	0	0	0	0	0	0	0	0	0	0	0	0	0	0	0
CAL	P	9	CALP9	-123.3	67.49	CAL	CAL	P	P	9	9	0	0	0	3	0	0	0	0	0	12	0	0	5	0	0	0	0	0	0	0	0	0	0	0	0	0	0	0	0	0	0	0	0	0	0	0
CAL	P	10	CALP10	-122.81	28.51	CAL	CAL	P	P	10	8	2	0	0	2	0	0	0	0	0	0	0	0	2	0	0	0	0	0	0	0	0	0	0	0	0	0	0	1	0	0	0	0	0	0	0	0
CAL	P	11	CALP11	-118.94	8.05	CAL	CAL	P	P	11	3	3	0	0	1	0	0	0	0	0	15	0	0	5	2	0	0	0	0	0	3	3	0	0	0	0	0	0	0	0	0	0	0	0	0	0	0
CAL	P	12	CALP12	-123.49	-4.44	CAL	CAL	P	P	12	2	0	0	0	3	0	0	0	0	0	3	0	0	0	0	0	0	0	0	0	0	0	0	0	0	0	0	0	1	0	0	0	0	0	0	0	0
CAL	P	13	CALP13	-122.28	-18.29	CAL	CAL	P	P	13	1	0	0	0	0	0	0	0	0	0	3	0	0	0	0	0	0	0	0	0	0	0	0	0	0	0	0	0	0	0	0	0	0	0	0	0	0
CAL	P	14	CALP14	-128.84	-28.06	CAL	CAL	P	P	14	0	0	0	0	1	0	0	0	0	0	0	0	0	0	0	0	0	0	0	0	0	0	0	0	0	0	0	0	0	0	0	0	0	0	0	0	0
CAL	P	15	CALP15	-121.64	-41.9	CAL	CAL	P	P	15	1	0	0	0	1	0	0	0	0	0	2	0	0	2	0	0	0	0	0	0	0	0	0	0	0	0	0	0	0	0	0	0	0	0	0	0	0
CAL	P	16	CALP16	-122.13	-129.53	CAL	CAL	P	P	16	2	0	0	0	0	2	2	0	0	0	3	0	0	3	0	0	0	0	0	0	0	0	0	0	0	0	0	0	0	0	0	0	0	0	0	0	0
CAL	P	17	CALP17	-133.14	-124.14	CAL	CAL	P	P	17	2	0	0	0	0	0	0	0	0	0	8	0	0	0	1	0	0	0	0	0	0	0	0	0	0	0	0	0	0	0	0	0	0	0	0	0	0
CAL	P	18	CALP18	-140.12	-121.82	CAL	CAL	P	P	18	1	1	0	0	0	0	0	0	0	0	4	0	0	0	1	0	0	0	0	0	0	0	0	0	0	0	0	0	0	0	0	0	0	0	0	0	0
CAL	P	19	CALP19	-137.78	-141.24	CAL	CAL	P	P	19	2	1	0	0	0	0	0	0	0	0	2	0	0	0	0	0	0	0	0	0	0	0	0	0	0	0	0	0	0	0	0	0	0	0	0	0	0
CAL	P	20	CALP20	-159.71	-141.41	CAL	CAL	P	P	20	1	0	0	0	0	0	0	0	0	0	3	0	0	0	0	0	0	0	0	0	0	0	0	0	0	0	0	0	0	0	0	0	0	0	0	0	0
CAL	R	1	CALR1	31.63	34.23	CAL	CAL	R	R	1	2	0	0	0	0	0	0	0	0	0	1	0	0	0	0	0	0	0	0	0	0	0	0	0	0	0	0	0	1	0	0	0	0	0	0	0	0
CAL	R	2	CALR2	28.34	34.89	CAL	CAL	R	R	2	2	0	0	0	0	0	0	0	0	0	1	0	0	0	0	0	0	0	0	0	0	0	0	0	0	0	0	0	0	0	0	0	0	0	0	0	0
CAL	R	3	CALR3	27.99	41.77	CAL	CAL	R	R	3	0	0	0	0	0	0	0	0	0	0	1	0	0	0	0	0	0	0	0	0	0	0	0	0	0	0	0	0	0	0	0	0	0	0	0	0	0
CAL	R	4	CALR4	25.48	51.14	CAL	CAL	R	R	4	0	0	0	0	0	0	0	0	0	0	9	0	0	0	0	0	0	0	0	0	0	0	0	0	0	0	0	0	0	0	0	0	0	0	0	0	0
CAL	R	5	CALR5	23.21	52.1	CAL	CAL	R	R	5	0	0	0	0	0	0	0	0	0	0	11	0	0	0	0	0	0	0	0	0	0	0	0	0	0	0	0	0	4	0	0	0	0	0	0	0	0
CAL	R	6	CALR6	-3.65	42.35	CAL	CAL	R	R	6	0	0	0	0	0	0	0	0	0	0	2	0	0	0	0	0	0	0	0	0	0	0	0	0	0	0	0	0	0	0	0	0	0	0	0	0	0
CAL	R	7	CALR7	-6.48	44.73	CAL	CAL	R	R	7	0	0	0	0	0	0	0	0	0	0	5	0	0	0	0	0	0	0	0	0	0	0	0	0	0	0	0	0	0	0	0	0	0	0	0	0	0
CAL	R	8	CALR8	-10.39	48	CAL	CAL	R	R	8	0	0	0	0	0	0	0	0	0	0	1	0	0	0	0	0	0	0	0	0	0	0	0	0	0	0	0	0	0	0	0	0	0	0	0	0	0
CAL	R	9	CALR9	-15.01	50.16	CAL	CAL	R	R	9	0	0	0	0	0	0	0	0	0	0	0	0	0	0	0	0	0	0	0	0	0	0	0	0	0	5	0	0	0	0	0	0	0	0	0	0	0
CAL	R	10	CALR10	-12.61	47.41	CAL	CAL	R	R	10	0	0	0	0	0	0	0	0	0	0	1	0	0	0	0	0	0	0	0	0	0	0	0	0	0	22	0	0	0	0	0	0	0	0	0	0	0
CAL	R	11	CALR11	-84.29	61.93	CAL	CAL	R	R	11	0	0	0	0	0	0	0	0	0	0	0	0	0	1	0	0	0	0	0	0	0	0	0	0	0	0	0	0	0	0	0	0	0	0	0	0	0
CAL	R	12	CALR12	-82.62	63.66	CAL	CAL	R	R	12	1	0	0	0	0	0	0	0	0	0	0	0	0	0	0	0	0	0	0	0	0	0	0	0	0	0	0	0	0	0	0	0	0	0	0	0	0
CAL	R	13	CALR13	-79.64	68.08	CAL	CAL	R	R	13	0	1	0	0	0	0	0	0	0	0	0	0	0	0	0	0	0	0	0	0	0	0	0	0	0	0	0	0	1	0	0	0	0	0	0	0	0
CAL	R	14	CALR14	-90.87	66.23	CAL	CAL	R	R	14	0	0	0	0	0	0	0	0	0	0	1	0	0	0	0	0	0	0	0	0	0	0	0	0	0	0	0	0	0	0	0	0	0	0	0	0	0
CAL	R	15	CALR15	-92.41	68	CAL	CAL	R	R	15	0	0	0	0	0	0	0	0	0	0	0	0	0	0	0	0	0	0	0	0	0	0	0	0	0	0	0	0	0	0	0	0	0	0	0	0	0
CAL	R	16	CALR16	-117.04	-100.67	CAL	CAL	R	R	16	0	0	0	0	0	0	0	0	0	0	0	0	0	0	0	0	0	0	0	0	0	0	0	0	0	0	0	0	0	0	0	0	0	0	0	0	0
CAL	R	17	CALR17	-118.39	-103.57	CAL	CAL	R	R	17	0	0	0	0	0	0	0	0	0	0	0	0	0	0	0	0	0	0	0	0	0	0	0	0	0	0	0	0	0	0	0	0	0	0	0	0	0
CAL	R	18	CALR18	-121.1	-117.98	CAL	CAL	R	R	18	0	0	0	0	0	0	0	0	0	0	2	0	0	0	0	0	0	0	0	0	0	0	0	0	0	0	0	0	0	0	0	0	0	0	0	0	0
CAL	R	19	CALR19	-113.31	-123.86	CAL	CAL	R	R	19	0	0	0	0	0	0	0	0	0	0	0	0	0	0	0	0	0	0	0	0	0	0	0	0	0	0	0	0	0	0	0	0	0	0	0	0	0
CAL	R	20	CALR20	-113.58	-126.95	CAL	CAL	R	R	20	0	0	0	0	0	0	0	0	0	0	1	0	0	0	0	0	0	0	0	0	0	0	0	0	0	0	0	0	0	0	0	0	0	0	0	0	0
CAL	S	1	CALS1	-139.41	-20.53	CAL	CAL	S	S	1	0	0	0	0	0	0	0	0	0	0	0	0	0	0	0	0	0	0	0	0	0	0	0	0	0	0	0	0	0	0	0	0	0	0	0	0	0
CAL	S	2	CALS2	-141.1	-26.85	CAL	CAL	S	S	2	1	0	1	0	1	0	0	0	0	0	0	0	0	1	0	0	0	0	0	0	0	0	0	0	0	0	0	0	0	0	0	0	0	0	0	0	0
CAL	S	3	CALS3	-141.13	-33.56	CAL	CAL	S	S	3	0	0	0	0	0	0	0	0	0	0	1	0	0	0	0	0	0	0	0	0	0	0	0	0	0	0	0	0	0	0	0	0	0	0	0	0	0
CAL	S	4	CALS4	-142.81	-39.84	CAL	CAL	S	S	4	0	0	0	0	0	0	0	0	0	0	0	0	0	0	0	0	0	0	0	1	0	0	0	0	0	0	0	0	0	0	0	0	0	0	0	0	0
CAL	S	5	CALS5	-143.19	-44.12	CAL	CAL	S	S	5	0	0	0	0	0	0	0	0	0	0	0	0	0	0	0	0	0	0	0	0	0	0	0	0	0	0	0	0	0	0	0	0	0	0	0	0	0
CAL	S	6	CALS6	-144.91	-51.75	CAL	CAL	S	S	6	0	0	0	0	0	0	0	0	0	0	0	0	0	0	0	0	0	0	0	0	0	0	0	0	0	0	0	0	0	0	0	0	0	0	0	0	0
CAL	S	7	CALS7	-146.22	-59.14	CAL	CAL	S	S	7	0	0	0	0	0	0	0	0	0	0	0	0	0	0	0	0	0	0	0	0	0	0	0	0	0	0	0	0	0	0	0	0	0	0	0	0	0
CAL	S	8	CALS8	-146.98	-63.47	CAL	CAL	S	S	8	0	0	0	0	0	0	0	0	0	0	0	0	0	0	0	0	0	0	0	0	0	0	0	0	0	0	0	0	0	0	0	0	0	0	0	0	0
CAL	S	9	CALS9	-145.93	-69.12	CAL	CAL	S	S	9	0	0	0	0	0	0	0	0	0	0	0	0	0	0	0	0	0	0	0	0	0	0	0	0	0	0	0	0	0	0	0	0	0	0	0	0	0
CAL	S	10	CALS10	-143.64	-74.04	CAL	CAL	S	S	10	0	0	0	0	0	0	0	0	0	0	2	0	0	0	0	0	0	0	0	0	0	0	0	0	0	0	0	0	0	0	0	0	0	0	0	0	0
CAL	S	11	CALS11	-140.13	-78.15	CAL	CAL	S	S	11	0	0	0	0	0	0	0	0	0	0	0	0	0	0	0	0	0	0	0	0	0	0	0	0	0	0	0	0	0	0	0	0	0	0	0	0	0
CAL	S	12	CALS12	-137.73	-83.32	CAL	CAL	S	S	12	0	0	0	0	0	0	0	1	0	0	0	0	0	0	0	0	0	0	0	0	0	0	0	0	0	1	0	0	0	0	0	0	0	0	0	0	0
CAL	S	13	CALS13	-136.43	-88.15	CAL	CAL	S	S	13	0	0	0	0	0	0	0	0	0	0	0	0	0	0	0	0	0	0	0	0	0	0	0	0	0	0	0	0	0	0	0	0	0	0	0	0	0
CAL	S	14	CALS14	-140.48	-104.24	CAL	CAL	S	S	14	0	0	0	0	0	0	0	0	0	0	5	0	0	0	0	0	0	0	0	0	0	0	0	0	0	0	0	0	0	0	0	0	0	0	0	0	0
CAL	S	15	CALS15	-140.42	-109.67	CAL	CAL	S	S	15	0	0	0	0	0	0	0	0	0	0	2	0	0	0	0	0	0	0	0	0	0	0	0	0	0	0	0	0	0	0	0	0	0	0	0	0	0
CAL	S	16	CALS16	-146.09	-125.27	CAL	CAL	S	S	16	0	0	0	0	0	0	0	0	0	0	6	0	0	0	0	0	0	0	0	0	0	0	0	0	0	0	0	0	0	0	0	0	0	0	0	0	0
CAL	S	17	CALS17	-160.52	-131.15	CAL	CAL	S	S	17	0	0	0	0	0	0	0	0	0	0	8	0	0	0	0	0	0	0	0	0	0	0	0	0	0	0	0	0	0	0	0	0	0	0	0	0	0
CAL	S	18	CALS18	-164.33	-135.41	CAL	CAL	S	S	18	0	0	0	0	0	0	0	0	0	0	5	0	0	0	0	0	0	0	0	0	0	0	0	0	0	0	0	0	0	0	0	0	0	0	0	0	0
CAL	S	19	CALS19	-165.03	-129.51	CAL	CAL	S	S	19	0	0	0	0	0	0	0	0	0	0	1	0	0	0	0	0	0	0	0	0	0	0	0	0	0	0	0	0	0	0	0	0	0	0	0	0	0
CAL	S	20	CALS20	-171.14	-127.29	CAL	CAL	S	S	20	0	0	0	0	0	0	0	0	0	0	3	0	0	0	0	0	0	0	0	1	0	0	0	0	0	0	0	0	0	0	0	0	0	0	0	0	0