SITE	MHAB	Punto	LABEL	OX	OY	SITE	SITE*	MICRO	MICROCAMPO	PUNTO	PMAH_sd	PMAH_pl	TBAC_sd	TBAC_pl	BVUL_sd	BVUL_pl	BVUL_pl2	CMON_sd	CMON_pl	CMON_pl2	PNIG_sd	PNIG_pl	PNIG_pl2	RSAX_sd	RSAX_pl	RSAX_pl2	HHEL_sd	HHEL_pl	HHEL_pl2	ROSA_sd	ROSA_pl	ROSA_pl2	LARB_sd	LARB_pl	LARB_pl2	JPHO_sd	JPHO_pl	JPHO_pl2	JCOM_sd	JCOM_pl	JCOM_pl2	AGRA_sd	AGRA_pl	AGRA_pl2	AITA_sd	AITA_pl	AITA_pl2
DRCHA	A	1	DRCHAA1	-142.39	-174.11	OUT	DRCHA	A	A	1	0	0	0	0	4	0	0	2	0	0	4	0	0	2	0	0	0	0	0	0	0	0	36	0	0	0	0	0	0	0	0	0	0	0	0	0	0
DRCHA	A	2	DRCHAA2	-87.78	-139.08	OUT	DRCHA	A	A	2	0	0	0	0	0	0	0	0	0	0	9	0	0	0	0	0	0	0	0	0	0	0	0	0	0	0	0	0	0	0	0	0	0	0	0	0	0
DRCHA	A	3	DRCHAA3	-110.72	-192.83	OUT	DRCHA	A	A	3	68	15	0	0	10	1	1	0	0	0	3	0	0	0	0	0	0	0	0	0	0	0	0	0	0	0	0	0	0	0	0	0	0	0	0	0	0
DRCHA	A	4	DRCHAA4	-129.44	-146.44	OUT	DRCHA	A	A	4	0	0	0	0	1	0	0	0	0	0	9	0	0	0	0	0	0	0	0	0	1	0	12	0	0	0	0	0	1	0	0	0	0	0	0	0	0
DRCHA	A	5	DRCHAA5	-123.65	-141.93	OUT	DRCHA	A	A	5	37	0	2	0	3	0	0	0	0	0	2	0	0	0	0	0	0	0	0	0	0	0	3	0	0	0	0	0	0	0	0	0	0	0	1	0	0
DRCHA	A	6	DRCHAA6	-127.37	-146.81	OUT	DRCHA	A	A	6	2	0	0	0	0	0	0	1	0	0	23	0	0	0	0	0	0	0	0	0	0	0	6	0	0	0	0	0	0	0	0	0	0	0	0	0	0
DRCHA	A	7	DRCHAA7	-113.46	-134.42	OUT	DRCHA	A	A	7	50	1	4	0	0	0	0	0	0	0	1	0	0	0	0	0	0	0	0	0	0	0	1	0	0	0	0	0	0	0	0	0	0	0	0	0	0
DRCHA	A	8	DRCHAA8	-103.28	-137.09	OUT	DRCHA	A	A	8	40	15	0	0	4	0	0	0	0	0	5	0	0	0	0	0	0	0	0	3	0	0	0	0	0	4	0	0	6	0	0	0	0	0	0	0	0
DRCHA	A	9	DRCHAA9	-109.77	-127.19	OUT	DRCHA	A	A	9	28	1	0	0	3	0	0	0	0	0	18	0	0	0	0	0	1	0	0	0	0	0	0	0	0	0	0	0	1	0	0	0	0	0	1	0	0
DRCHA	A	10	DRCHAA10	-130.96	-140.55	OUT	DRCHA	A	A	10	5	0	0	0	0	0	0	0	0	0	10	0	0	0	0	0	0	0	0	0	0	0	0	0	0	0	0	0	0	0	0	0	0	0	0	0	0
DRCHA	B	1	DRCHAB1	-129.19	-174.93	OUT	DRCHA	B	B	1	4	0	0	0	18	5	0	0	0	0	5	0	0	1	0	0	0	0	0	0	0	0	0	0	0	0	0	0	0	0	0	0	0	0	0	0	0
DRCHA	B	2	DRCHAB2	-113.79	-184.51	OUT	DRCHA	B	B	2	0	0	0	0	0	0	0	0	0	0	2	0	0	0	0	0	0	0	0	0	0	0	0	0	0	0	0	0	3	0	0	0	0	0	0	0	0
DRCHA	B	3	DRCHAB3	-116.93	-169.65	OUT	DRCHA	B	B	3	0	0	0	0	0	0	0	0	0	0	4	0	0	0	0	0	0	0	0	0	0	0	0	0	0	0	0	0	0	0	0	0	0	0	0	0	0
DRCHA	B	4	DRCHAB4	-98.33	-169.65	OUT	DRCHA	B	B	4	0	0	0	0	0	0	0	0	0	0	8	0	0	0	0	0	0	0	0	0	0	0	0	0	0	0	0	0	0	0	0	0	0	0	0	0	0
DRCHA	B	5	DRCHAB5	-105.33	-141.95	OUT	DRCHA	B	B	5	0	0	0	0	12	7	6	0	0	0	10	0	0	1	0	0	0	0	0	0	0	0	0	0	0	0	0	0	0	0	0	0	0	0	0	0	0
DRCHA	B	6	DRCHAB6	-138.93	-135.95	OUT	DRCHA	B	B	6	0	0	0	0	0	0	0	0	0	0	21	0	0	0	0	0	0	0	0	0	0	0	0	0	0	0	0	0	3	0	0	0	0	0	0	0	0
DRCHA	B	7	DRCHAB7	-159.23	-128.56	OUT	DRCHA	B	B	7	0	0	0	0	2	0	0	0	0	0	30	0	0	0	0	0	0	0	0	0	0	0	0	0	0	0	0	0	0	0	0	0	0	0	0	0	0
DRCHA	B	8	DRCHAB8	-71.94	-89.94	OUT	DRCHA	B	B	8	3	0	0	0	0	0	0	0	0	0	3	0	0	34	0	0	0	0	0	0	0	0	0	0	0	0	0	0	0	0	0	10	0	0	1	0	0
DRCHA	B	9	DRCHAB9	-137.82	-163.28	OUT	DRCHA	B	B	9	0	0	0	0	1	0	0	0	0	0	3	0	0	59	0	0	0	0	0	45	1	0	0	0	0	0	0	0	0	0	0	0	0	0	0	0	0
DRCHA	N	1	DRCHAN1	-77.82	-208.17	OUT	DRCHA	N	N	1	0	0	0	0	0	0	0	0	0	0	17	0	0	0	0	0	0	0	0	0	0	0	0	0	0	0	0	0	0	0	0	0	0	0	0	0	0
DRCHA	N	2	DRCHAN2	-68.86	-109.48	OUT	DRCHA	N	N	2	0	0	1	0	0	0	0	0	0	0	19	0	0	0	0	0	0	0	0	0	0	0	0	0	0	0	0	0	0	0	0	0	0	0	0	0	0
DRCHA	N	3	DRCHAN3	-92.26	-85.91	OUT	DRCHA	N	N	3	5	0	1	0	2	1	1	2	0	0	4	0	0	0	0	0	0	0	0	0	0	0	0	0	0	0	0	0	0	0	0	87	0	0	0	0	0
DRCHA	N	4	DRCHAN4	-150.56	-104	OUT	DRCHA	N	N	4	0	0	0	0	0	0	0	0	0	0	8	0	0	0	0	0	0	0	0	0	0	0	0	0	0	0	0	0	0	0	0	0	0	0	0	0	0
DRCHA	N	5	DRCHAN5	-158.41	-124.7	OUT	DRCHA	N	N	5	0	0	0	0	0	0	0	0	0	0	27	0	0	0	0	0	0	0	0	0	0	0	0	0	0	0	0	0	0	0	0	0	0	0	0	0	0
DRCHA	N	6	DRCHAN6	-173.3	-138.96	OUT	DRCHA	N	N	6	0	0	0	0	0	0	0	0	0	0	29	0	0	0	0	0	0	0	0	0	0	0	0	0	0	0	0	0	0	0	0	0	0	0	0	0	0
DRCHA	N	7	DRCHAN7	-160.59	-125.85	OUT	DRCHA	N	N	7	0	0	0	0	0	0	0	0	0	0	15	0	0	0	0	0	0	0	0	0	0	0	0	0	0	0	0	0	0	0	0	0	0	0	0	0	0
DRCHA	N	8	DRCHAN8	-161.34	-137.91	OUT	DRCHA	N	N	8	2	0	1	0	2	0	0	0	0	0	3	0	0	0	0	0	0	0	0	0	0	0	0	0	0	0	0	0	0	0	0	0	0	0	1	0	0
DRCHA	N	9	DRCHAN9	-95.31	-84.56	OUT	DRCHA	N	N	9	6	0	1	0	0	0	0	1	0	0	1	0	0	0	0	0	0	0	0	0	0	0	0	0	0	0	0	0	0	0	0	64	3	0	0	0	0
DRCHA	N	10	DRCHAN10	-69.15	-86.06	OUT	DRCHA	N	N	10	4	0	1	0	1	0	0	1	0	0	2	0	0	0	0	0	1	0	0	0	0	0	0	0	0	0	0	0	0	0	0	57	0	0	0	0	0
DRCHA	P	1	DRCHAP1	-83.57531801	-131.8071024	OUT	DRCHA	P	P	1	17	0	3	0	2	0	0	0	0	0	6	0	0	0	0	0	0	0	0	0	0	0	0	0	0	0	0	0	0	0	0	0	0	0	0	0	0
DRCHA	P	2	DRCHAP2	-71.94	-117.94	OUT	DRCHA	P	P	2	3	4	6	0	0	0	0	0	0	0	18	0	0	0	0	0	0	0	0	0	0	0	0	1	0	0	0	0	0	0	0	0	0	0	0	0	0
DRCHA	P	3	DRCHAP3	-69.42	-103.66	OUT	DRCHA	P	P	3	18	3	5	0	1	0	0	0	0	0	23	0	0	0	0	0	0	0	0	1	0	0	0	0	0	2	0	0	1	0	0	0	0	0	0	0	0
DRCHA	P	4	DRCHAP4	-96.97	-103.49	OUT	DRCHA	P	P	4	3	3	2	0	0	1	1	2	0	0	17	0	0	1	0	0	0	0	0	2	2	2	0	0	0	0	0	0	1	0	0	0	0	0	0	0	0
DRCHA	P	5	DRCHAP5	-124.53	-123.87	OUT	DRCHA	P	P	5	39	0	3	0	0	0	0	0	0	0	3	0	0	0	0	0	0	0	0	1	0	0	0	0	0	0	0	0	1	0	0	0	0	0	0	0	0
DRCHA	P	6	DRCHAP6	-155.32	-116.42	OUT	DRCHA	P	P	6	5	0	2	0	0	0	0	0	0	0	14	0	0	0	0	0	0	0	0	0	0	0	0	0	0	0	0	0	0	0	0	0	0	0	0	0	0
DRCHA	P	7	DRCHAP7	-186.87	-142.96	OUT	DRCHA	P	P	7	2	5	7	0	0	0	0	0	0	0	20	0	0	0	0	0	0	0	0	11	0	0	0	0	0	1	0	0	0	0	0	0	0	0	0	0	0
DRCHA	P	8	DRCHAP8	-172.86	-152.77	OUT	DRCHA	P	P	8	0	0	0	0	0	1	1	0	0	0	22	15	15	1	0	0	0	0	0	0	0	0	0	0	0	0	0	0	0	0	0	0	0	0	0	0	0
DRCHA	P	9	DRCHAP9	-148.18	-172.55	OUT	DRCHA	P	P	9	0	0	0	0	4	0	0	0	0	0	12	0	0	0	0	0	0	0	0	0	0	0	0	0	0	0	0	0	1	0	0	0	0	0	0	0	0
DRCHA	P	10	DRCHAP10	-138.13	-198.23	OUT	DRCHA	P	P	10	5	5	2	0	0	0	0	0	0	0	8	0	0	0	0	0	0	0	0	0	0	0	0	0	0	0	0	0	1	0	0	0	0	0	0	0	0
DRCHA	R	1	DRCHAR1	-100.58	-166.77	OUT	DRCHA	R	R	1	0	0	0	0	0	0	0	0	0	0	2	0	0	0	0	0	0	0	0	0	0	0	0	0	0	0	0	0	5	0	0	0	0	0	0	0	0
DRCHA	R	2	DRCHAR2	-112.97	-165.69	OUT	DRCHA	R	R	2	0	0	0	0	1	0	0	0	0	0	1	0	0	0	0	0	0	0	0	2	0	0	0	0	0	0	0	0	1	2	0	0	0	0	0	0	0
DRCHA	R	3	DRCHAR3	-115.09	-155.51	OUT	DRCHA	R	R	3	2	0	0	0	0	0	0	0	0	0	2	0	0	0	0	0	0	0	0	0	0	0	0	0	0	0	0	0	0	0	0	0	0	0	1	0	0
DRCHA	R	4	DRCHAR4	-120.63	-155.06	OUT	DRCHA	R	R	4	6	0	0	0	2	0	0	0	0	0	3	0	0	0	0	0	0	0	0	0	0	0	0	0	0	0	0	0	2	0	0	0	0	0	0	0	0
DRCHA	R	5	DRCHAR5	-116.93	-148.65	OUT	DRCHA	R	R	5	1	0	0	0	0	0	0	0	0	0	0	0	0	0	0	0	0	0	0	0	0	0	0	0	0	0	0	0	0	0	0	0	0	0	0	0	0
DRCHA	R	6	DRCHAR6	-105.14	-121.67	OUT	DRCHA	R	R	6	5	0	0	0	0	0	0	0	0	0	2	0	0	0	0	0	0	0	0	7	0	0	0	0	0	0	0	0	3	0	0	0	0	0	0	0	0
DRCHA	R	7	DRCHAR7	-121.42	-122.95	OUT	DRCHA	R	R	7	0	0	0	0	0	0	0	0	0	0	3	0	0	0	0	0	0	0	0	0	0	0	0	0	0	0	0	0	0	0	0	0	0	0	0	0	0
DRCHA	R	8	DRCHAR8	-122.37	-127.19	OUT	DRCHA	R	R	8	1	0	0	0	0	0	0	0	0	0	1	0	0	0	0	0	0	0	0	0	0	0	0	0	0	0	0	0	0	0	0	0	0	0	0	0	0
DRCHA	R	9	DRCHAR9	-123.68	-132.25	OUT	DRCHA	R	R	9	0	0	0	0	0	0	0	0	0	0	4	0	0	0	0	0	0	0	0	0	0	0	0	0	0	0	0	0	0	0	0	0	0	0	0	0	0
DRCHA	R	10	DRCHAR10	-126.49	-136.84	OUT	DRCHA	R	R	10	2	0	0	0	0	0	0	0	0	0	2	0	0	0	0	0	0	0	0	0	0	0	0	0	0	0	0	0	0	0	0	0	0	0	0	0	0
DRCHA	S	1	DRCHAS1	-137.93	-185.02	OUT	DRCHA	S	S	1	1	0	0	0	0	0	0	0	0	0	3	0	0	0	0	0	0	0	0	0	0	0	0	0	0	0	0	0	0	0	0	0	0	0	0	0	0
DRCHA	S	2	DRCHAS2	-130.24	-177.2	OUT	DRCHA	S	S	2	0	0	0	0	0	0	0	0	0	0	4	0	0	0	0	0	0	0	0	0	0	0	0	0	0	0	0	0	0	0	0	0	0	0	0	0	0
DRCHA	S	3	DRCHAS3	-121.01	-171.79	OUT	DRCHA	S	S	3	0	0	0	0	0	0	0	0	0	0	1	0	0	0	0	0	0	0	0	0	0	0	0	0	0	0	0	0	0	0	0	0	0	0	0	0	0
DRCHA	S	4	DRCHAS4	-114.1	-181.03	OUT	DRCHA	S	S	4	0	0	0	0	0	0	0	0	0	0	1	0	0	0	0	0	0	0	0	0	0	0	0	0	0	0	0	0	0	0	0	0	0	0	0	0	0
DRCHA	S	5	DRCHAS5	-103.93	-184.36	OUT	DRCHA	S	S	5	0	0	0	0	0	0	0	0	0	0	3	0	0	0	0	0	0	0	0	0	0	0	0	0	0	0	0	0	0	0	0	0	0	0	0	0	0
DRCHA	S	6	DRCHAS6	-89.77	-179.53	OUT	DRCHA	S	S	6	0	0	0	0	0	0	0	0	0	0	0	1	1	0	0	0	0	0	0	0	0	0	0	0	0	0	0	0	0	0	0	0	0	0	0	0	0
DRCHA	S	7	DRCHAS7	-80.93	-169.65	OUT	DRCHA	S	S	7	0	0	0	0	0	0	0	0	0	0	7	0	0	0	0	0	0	0	0	0	0	0	0	0	0	0	0	0	0	0	0	0	0	0	0	0	0
DRCHA	S	8	DRCHAS8	-75.9	-149.55	OUT	DRCHA	S	S	8	0	0	0	0	0	0	0	0	0	0	6	0	0	0	0	0	0	0	0	0	0	0	0	0	0	0	0	0	0	0	0	0	0	0	0	0	0
DRCHA	S	9	DRCHAS9	-81.35	-140.11	OUT	DRCHA	S	S	9	0	0	0	0	0	0	0	0	0	0	8	0	0	0	0	0	0	0	0	0	0	0	0	0	0	0	0	0	0	0	0	0	0	0	0	0	0
DRCHA	S	10	DRCHAS10	-87.38	-125.23	OUT	DRCHA	S	S	10	0	0	0	0	0	0	0	0	0	0	14	0	0	0	0	0	0	0	0	0	0	0	0	0	0	0	0	0	0	0	0	0	0	0	0	0	0
ESQ	A	11	ESQA11	192.98	721.84	OUT	ESQ	A	A	11	0	1	0	0	0	0	0	0	0	0	9	0	0	1	0	0	0	0	0	0	0	0	0	0	0	0	0	0	0	0	0	0	0	0	0	0	0
ESQ	A	12	ESQA12	120.46	592.48	OUT	ESQ	A	A	12	1	0	0	0	0	0	0	0	0	0	0	0	0	0	0	0	0	0	0	2	0	0	0	0	0	0	0	0	0	0	0	0	0	0	0	0	0
ESQ	A	13	ESQA13	104.04	645.26	OUT	ESQ	A	A	13	1	0	0	0	1	0	0	0	0	0	1	0	0	0	0	0	0	0	0	0	0	0	0	0	0	0	0	0	0	0	0	0	0	0	0	0	0
ESQ	A	14	ESQA14	109.57	662.81	OUT	ESQ	A	A	14	3	1	0	0	0	2	1	0	9	7	0	0	0	0	0	0	0	0	0	0	1	0	0	0	0	0	0	0	0	0	0	0	0	0	0	0	0
ESQ	A	15	ESQA15	188.35	697.43	OUT	ESQ	A	A	15	20	5	0	0	0	1	0	0	0	0	2	0	0	0	0	0	0	0	0	0	1	1	0	0	0	0	0	0	0	0	0	0	0	0	0	0	0
ESQ	A	16	ESQA16	200.1	730.64	OUT	ESQ	A	A	16	25	1	0	0	1	0	0	0	0	0	20	0	0	0	0	0	0	0	0	0	0	0	0	0	0	1	0	0	0	0	0	0	0	0	0	0	0
ESQ	A	17	ESQA17	206.6	731.79	OUT	ESQ	A	A	17	0	1	0	0	1	0	0	0	0	0	22	0	0	0	0	0	0	0	0	1	0	0	0	0	0	0	0	0	0	0	0	0	0	0	0	0	0
ESQ	A	18	ESQA18	189.76	700.85	OUT	ESQ	A	A	18	0	1	0	0	0	0	0	0	0	0	6	0	0	0	0	0	0	0	0	0	0	0	0	0	0	1	0	0	0	0	0	0	0	0	0	0	0
ESQ	A	19	ESQA19	194.48	705.9	OUT	ESQ	A	A	19	31	1	0	0	0	0	0	0	0	0	5	0	0	0	0	0	0	0	0	4	0	0	0	0	0	1	0	0	5	0	0	0	0	0	0	0	0
ESQ	A	20	ESQA20	202.49	724.07	OUT	ESQ	A	A	20	0	3	0	0	1	0	0	0	0	0	7	0	0	0	0	0	0	0	0	0	0	0	0	0	0	0	0	0	0	0	0	0	0	0	0	0	0
ESQ	B	10	ESQB10	125.04	696.43	OUT	ESQ	B	B	10	0	1	0	0	0	0	0	0	0	0	1	0	0	10	0	0	0	0	0	0	0	0	0	0	0	0	0	0	0	0	0	0	0	0	0	0	0
ESQ	B	11	ESQB11	54.23	461.92	OUT	ESQ	B	B	11	0	0	0	0	0	0	0	0	0	0	6	0	0	0	0	0	0	0	0	0	0	0	0	0	0	0	0	0	0	0	0	0	0	0	0	0	0
ESQ	B	12	ESQB12	76.74	499	OUT	ESQ	B	B	12	0	0	0	0	0	0	0	0	0	0	9	0	0	0	0	0	0	0	0	0	0	0	0	0	0	0	0	0	0	0	0	0	0	0	0	0	0
ESQ	B	13	ESQB13	96.89	536.01	OUT	ESQ	B	B	13	0	0	0	0	3	0	0	0	0	0	2	0	0	0	0	0	0	0	0	0	0	0	0	0	0	0	0	0	0	0	0	0	0	0	0	0	0
ESQ	B	14	ESQB14	111.85	568.09	OUT	ESQ	B	B	14	0	0	0	0	0	0	0	0	0	0	11	0	0	0	0	0	0	0	0	0	0	0	0	0	0	0	0	0	0	0	0	0	0	0	0	0	0
ESQ	B	15	ESQB15	24.72	451.18	OUT	ESQ	B	B	15	0	0	0	0	1	0	0	0	0	0	4	0	0	84	0	0	0	0	0	0	0	0	0	0	0	0	0	0	0	0	0	0	0	0	0	0	0
ESQ	B	16	ESQB16	113.73	663.93	OUT	ESQ	B	B	16	0	0	0	0	2	0	0	0	0	0	2	0	0	0	0	0	0	0	0	0	0	0	0	0	0	0	0	0	0	0	0	0	0	0	0	0	0
ESQ	B	17	ESQB17	180.2	711.09	OUT	ESQ	B	B	17	1	0	0	0	0	0	0	0	0	0	6	0	0	0	0	0	0	0	0	0	0	0	0	0	0	0	0	0	0	0	0	0	0	0	0	0	0
ESQ	B	18	ESQB18	202.61	716.66	OUT	ESQ	B	B	18	0	0	0	0	1	0	0	0	0	0	30	0	0	0	0	0	0	0	0	0	0	0	0	0	0	0	0	0	0	0	0	0	0	0	0	0	0
ESQ	B	19	ESQB19	70.37	483.19	OUT	ESQ	B	B	19	4	0	0	0	0	0	0	0	0	0	6	0	0	0	0	0	0	0	0	0	0	0	0	0	0	0	0	0	0	0	0	0	0	0	0	0	0
ESQ	B	20	ESQB20	68.41	484.77	OUT	ESQ	B	B	20	0	0	0	0	0	0	0	0	0	0	3	0	0	3	0	0	0	0	0	0	0	0	0	0	0	0	0	0	0	0	0	0	0	0	0	0	0
ESQ	N	11	ESQN11	199.05	721.98	OUT	ESQ	N	N	11	1	0	0	0	0	0	0	0	0	0	8	0	0	0	0	0	0	0	0	0	0	0	0	0	0	2	0	0	0	0	0	0	0	0	0	0	0
ESQ	N	12	ESQN12	190.69	715.93	OUT	ESQ	N	N	12	1	1	0	0	0	0	0	0	0	0	7	0	0	0	0	0	0	0	0	0	0	0	0	0	0	4	0	0	0	0	0	0	0	0	0	0	0
ESQ	N	13	ESQN13	183.78	724.23	OUT	ESQ	N	N	13	2	0	0	0	0	0	0	0	0	0	14	0	0	0	0	0	0	0	0	0	0	0	0	0	0	19	0	0	0	0	0	0	0	0	0	0	0
ESQ	N	14	ESQN14	109.15	681.02	OUT	ESQ	N	N	14	5	0	0	0	0	0	0	0	0	0	0	0	0	0	0	0	0	0	0	0	0	0	0	0	0	0	0	0	0	0	0	0	0	0	0	0	0
ESQ	N	15	ESQN15	105.64	627.2	OUT	ESQ	N	N	15	0	0	0	0	0	0	0	0	0	0	2	0	0	0	0	0	0	0	0	0	0	0	0	0	0	0	0	0	0	0	0	0	0	0	0	0	0
ESQ	N	16	ESQN16	72.86	520.68	OUT	ESQ	N	N	16	0	0	0	0	0	0	0	0	0	0	50	0	0	0	0	0	0	0	0	0	0	0	0	0	0	0	0	0	0	0	0	20	1	0	0	0	0
ESQ	N	17	ESQN17	67.22	497.63	OUT	ESQ	N	N	17	0	0	0	0	0	0	0	0	0	0	0	0	0	0	0	0	0	0	0	0	0	0	0	0	0	0	0	0	0	0	0	0	0	0	0	0	0
ESQ	N	18	ESQN18	22.95	464.65	OUT	ESQ	N	N	18	0	0	1	0	0	0	0	0	0	0	9	0	0	0	0	0	0	0	0	0	0	0	0	0	0	0	0	0	0	0	0	0	0	0	0	0	0
ESQ	N	19	ESQN19	27.24	466.68	OUT	ESQ	N	N	19	0	0	0	0	0	0	0	0	0	0	2	0	0	0	0	0	0	0	0	0	0	0	0	0	0	0	0	0	0	0	0	0	0	0	0	0	0
ESQ	N	20	ESQN20	40.65	479.61	OUT	ESQ	N	N	20	0	0	0	0	0	0	0	0	0	0	9	0	0	0	0	0	0	0	0	0	0	0	0	0	0	0	0	0	0	0	0	0	0	0	0	0	0
ESQ	P	11	ESQP11	72.56	530.14	OUT	ESQ	P	P	11	0	0	0	0	1	0	0	0	0	0	16	0	0	0	0	0	0	0	0	0	0	0	0	0	0	0	0	0	1	0	0	0	0	0	0	0	0
ESQ	P	12	ESQP12	75.83	480.04	OUT	ESQ	P	P	12	0	0	0	0	0	0	0	0	0	0	2	0	0	0	0	0	0	0	0	0	0	0	0	0	0	0	0	0	0	0	0	0	0	0	0	0	0
ESQ	P	13	ESQP13	96.89	513.11	OUT	ESQ	P	P	13	2	2	1	0	1	0	0	0	0	0	2	0	0	0	0	0	0	0	0	0	3	0	0	0	0	0	0	0	0	0	0	0	0	0	0	0	0
ESQ	P	14	ESQP14	112.37	560.3	OUT	ESQ	P	P	14	3	1	1	0	0	0	0	1	0	0	4	0	0	0	0	0	0	0	0	0	0	0	0	0	0	0	0	0	0	0	0	0	0	0	0	0	0
ESQ	P	15	ESQP15	105.02	612.91	OUT	ESQ	P	P	15	0	0	0	0	0	0	0	0	1	1	1	0	0	0	0	0	0	0	0	0	0	0	0	0	0	19	0	0	0	0	0	0	0	0	0	0	0
ESQ	P	16	ESQP16	119.46	606.75	OUT	ESQ	P	P	16	0	0	0	0	0	0	0	1	0	0	5	0	0	0	0	0	0	0	0	0	0	0	0	0	0	0	0	0	0	0	0	0	0	0	0	0	0
ESQ	P	17	ESQP17	153.06	664.16	OUT	ESQ	P	P	17	0	1	0	0	0	2	0	1	1	1	7	0	0	0	0	0	0	0	0	0	0	0	0	0	0	1	0	0	0	0	0	0	0	0	0	0	0
ESQ	P	18	ESQP18	172.49	712.72	OUT	ESQ	P	P	18	1	0	0	0	0	0	0	1	0	0	21	0	0	1	0	0	0	0	0	0	0	0	0	0	0	41	0	0	0	0	0	0	0	0	0	0	0
ESQ	P	19	ESQP19	196.42	716.93	OUT	ESQ	P	P	19	3	1	39	0	1	0	0	0	0	0	17	0	0	0	0	0	0	0	0	0	0	0	0	0	0	26	0	0	0	0	0	0	0	0	0	0	0
ESQ	P	20	ESQP20	218.78	732.59	OUT	ESQ	P	P	20	0	1	0	0	1	0	0	0	0	0	12	0	0	0	0	0	0	0	0	0	0	0	0	0	0	20	0	0	0	0	0	0	0	0	0	0	0
ESQ	R	11	ESQR11	54.23	489.22	OUT	ESQ	R	R	11	0	0	0	0	0	0	0	0	0	0	3	0	0	0	0	0	0	0	0	0	0	0	0	0	0	0	0	0	0	0	0	0	0	0	0	0	0
ESQ	R	12	ESQR12	50.95	486.8	OUT	ESQ	R	R	12	0	0	0	0	0	0	0	0	0	0	3	0	0	0	0	0	0	0	0	0	0	0	2	0	0	0	0	0	1	0	0	0	0	0	0	0	0
ESQ	R	13	ESQR13	63.36	496.02	OUT	ESQ	R	R	13	0	0	0	0	0	0	0	0	0	0	5	0	0	0	0	0	0	0	0	0	0	0	0	0	0	0	0	0	0	0	0	0	0	0	0	0	0
ESQ	R	14	ESQR14	87.65	502.75	OUT	ESQ	R	R	14	0	0	0	0	0	0	0	0	0	0	0	0	0	0	0	0	0	0	0	0	0	0	0	0	0	0	0	0	0	0	0	0	0	0	0	0	0
ESQ	R	15	ESQR15	83	580.33	OUT	ESQ	R	R	15	0	0	0	0	0	0	0	0	0	0	0	0	0	0	0	0	0	0	0	0	0	0	0	0	0	0	0	0	0	0	0	0	0	0	0	0	0
ESQ	R	16	ESQR16	92.74	630.44	OUT	ESQ	R	R	16	0	0	0	0	0	0	0	0	0	0	0	0	0	0	0	0	0	0	0	0	0	0	0	0	0	0	0	0	0	0	0	0	0	0	0	0	0
ESQ	R	17	ESQR17	89.22	651.06	OUT	ESQ	R	R	17	0	0	0	0	0	0	0	0	0	0	2	0	0	0	0	0	0	0	0	0	0	0	0	0	0	0	0	0	0	0	0	0	0	0	0	0	0
ESQ	R	18	ESQR18	114.49	693.04	OUT	ESQ	R	R	18	0	0	0	0	0	0	0	0	0	0	4	0	0	0	0	0	0	0	0	0	0	0	0	0	0	0	0	0	0	0	0	0	0	0	0	0	0
ESQ	R	19	ESQR19	140.33	707.65	OUT	ESQ	R	R	19	0	0	0	0	0	0	0	0	0	0	0	0	0	0	0	0	0	0	0	0	0	0	0	0	0	0	0	0	0	0	0	0	0	0	0	0	0
ESQ	R	20	ESQR20	187.63	730.9	OUT	ESQ	R	R	20	0	0	0	0	1	0	0	0	0	0	6	0	0	0	0	0	0	0	0	0	0	0	0	0	0	0	0	0	0	0	0	0	0	0	0	0	0
ESQ	S	11	ESQS11	63.75	469.22	OUT	ESQ	S	S	11	0	0	0	0	0	0	0	0	0	0	5	0	0	0	0	0	0	0	0	0	0	0	0	0	0	0	0	0	0	0	0	0	0	0	0	0	0
ESQ	S	12	ESQS12	83.74	489.47	OUT	ESQ	S	S	12	0	0	0	0	0	0	0	0	0	0	15	0	0	0	0	0	0	0	0	0	0	0	0	0	0	0	0	0	0	0	0	0	0	0	0	0	0
ESQ	S	13	ESQS13	73.89	513.11	OUT	ESQ	S	S	13	0	0	0	0	0	0	0	0	0	0	6	0	0	0	0	0	0	0	0	0	0	0	0	0	0	0	0	0	0	0	0	0	0	0	0	0	0
ESQ	S	14	ESQS14	87.19	547.57	OUT	ESQ	S	S	14	0	0	0	0	0	0	0	0	0	0	8	1	1	0	0	0	0	0	0	0	0	0	0	0	0	0	0	0	0	0	0	0	0	0	0	0	0
ESQ	S	15	ESQS15	103.23	571.95	OUT	ESQ	S	S	15	0	0	0	0	0	0	0	0	0	0	5	1	1	0	0	0	0	0	0	0	0	0	0	0	0	0	0	0	0	0	0	0	0	0	0	0	0
ESQ	S	16	ESQS16	142.41	671.61	OUT	ESQ	S	S	16	0	0	0	0	0	0	0	0	0	0	0	0	0	0	0	0	0	0	0	0	0	0	0	0	0	0	0	0	0	0	0	0	0	0	0	0	0
ESQ	S	17	ESQS17	144.45	694.82	OUT	ESQ	S	S	17	0	0	0	0	0	0	0	0	0	0	0	0	0	0	0	0	0	0	0	0	0	0	0	0	0	0	0	0	0	0	0	0	0	0	0	0	0
ESQ	S	18	ESQS18	167	692.25	OUT	ESQ	S	S	18	0	0	0	0	0	0	0	0	0	0	0	0	0	0	0	0	0	0	0	0	0	0	0	0	0	0	0	0	0	0	0	0	0	0	0	0	0
ESQ	S	19	ESQS19	167	708.75	OUT	ESQ	S	S	19	0	0	0	0	0	0	0	0	0	0	4	0	0	0	0	0	0	0	0	0	0	0	0	0	0	0	0	0	0	0	0	0	0	0	0	0	0
ESQ	S	20	ESQS20	203.81	731.47	OUT	ESQ	S	S	20	0	0	0	0	1	0	0	0	0	0	8	0	0	0	0	0	0	0	0	0	0	0	0	0	0	0	0	0	0	0	0	0	0	0	0	0	0
ESQ	X	1	ESQX1	253.58	787.98	OUT	ESQ	A	X	1	0	0	0	0	0	0	0	0	0	0	1	0	0	0	0	0	0	0	0	0	0	0	0	0	0	17	0	0	0	0	0	0	0	0	0	0	0
ESQ	X	2	ESQX2	247.83	786.92	OUT	ESQ	A	X	2	0	0	0	0	2	0	0	0	0	0	0	0	0	0	0	0	0	0	0	0	0	0	0	0	0	58	0	0	0	0	0	0	0	0	0	0	0
ESQ	X	3	ESQX3	249.31	795.29	OUT	ESQ	A	X	3	0	0	0	0	0	5	5	0	0	0	0	0	0	0	0	0	0	0	0	0	0	0	0	0	0	48	0	0	1	0	0	0	0	0	0	0	0
ESQ	X	4	ESQX4	259.61	813.13	OUT	ESQ	A	X	4	0	0	0	0	0	0	0	0	0	0	1	0	0	0	0	0	0	0	0	0	0	0	0	0	0	260	0	0	0	0	0	0	0	0	0	0	0
ESQ	X	5	ESQX5	265.47	819	OUT	ESQ	A	X	5	0	0	0	0	0	0	0	0	0	0	0	0	0	0	0	0	0	0	0	0	0	0	0	0	0	113	0	0	0	0	0	0	0	0	0	0	0
ESQ	X	6	ESQX6	264.93	824.55	OUT	ESQ	A	X	6	0	0	0	0	0	0	0	0	0	0	2	0	0	0	0	0	0	0	0	0	0	0	0	0	0	200	0	0	0	0	0	0	0	0	0	0	0
ESQ	X	7	ESQX7	173.22	725.15	OUT	ESQ	A	X	7	6	0	0	0	0	11	10	0	0	0	16	0	0	0	1	1	0	0	0	1	0	0	0	0	0	167	0	0	0	0	0	0	0	0	0	0	0
ESQ	X	8	ESQX8	167.54	725.65	OUT	ESQ	A	X	8	1	0	0	0	0	3	3	0	0	0	7	0	0	0	0	0	0	0	0	0	0	0	0	0	0	51	0	0	0	0	0	0	0	0	0	0	0
ESQ	X	9	ESQX9	135.27	721.55	OUT	ESQ	A	X	9	4	0	0	0	0	2	1	0	0	0	19	0	0	2	3	0	0	0	0	4	1	1	1	0	0	129	0	0	18	0	0	0	0	0	0	0	0
ESQ	X	10	ESQX10	208.53	742.84	OUT	ESQ	A	X	10	1	0	0	0	0	6	4	1	0	0	6	0	0	6	0	0	0	0	0	0	0	0	0	0	0	96	0	0	0	0	0	0	0	0	0	0	0
ESQ	X	11	ESQX11	211.07	752.31	OUT	ESQ	A	X	11	1	0	0	0	0	0	0	0	0	0	2	0	0	1	0	0	0	0	0	0	0	0	0	0	0	180	0	0	2	0	0	0	0	0	0	0	0
ESQ	X	12	ESQX12	253.52	814.76	OUT	ESQ	A	X	12	0	0	0	0	0	1	0	0	0	0	1	0	0	0	0	0	0	0	0	0	0	0	0	0	0	209	0	0	0	0	0	0	0	0	0	0	0
IN	A	55	INA55	18.33	294.78	IN	NEW	A	A	55	0	0	0	0	0	0	0	0	0	0	1	0	0	0	0	0	0	0	0	0	0	0	0	0	0	0	0	0	0	0	0	0	0	0	0	0	0
IN	A	56	INA56	25.76	303.8	IN	NEW	A	A	56	94	2	0	0	3	1	0	2	0	0	2	0	0	0	0	0	0	0	0	2	0	0	0	0	0	0	0	0	0	0	0	0	0	0	0	0	0
IN	A	57	INA57	27.42	315.77	IN	NEW	A	A	57	0	0	0	0	0	0	0	0	0	0	4	0	0	0	0	0	0	0	0	0	0	0	0	0	0	0	0	0	0	0	0	0	0	0	0	0	0
IN	A	58	INA58	22.63	340.83	IN	NEW	A	A	58	0	0	0	0	0	0	0	0	0	0	6	0	0	0	0	0	0	0	0	1	0	0	1	0	0	0	0	0	0	0	0	0	0	0	0	0	0
IN	A	59	INA59	33.43	345.51	IN	NEW	A	A	59	1	0	1	0	0	0	0	0	0	0	4	0	0	63	0	0	0	0	0	0	0	0	0	0	0	0	0	0	0	0	0	0	0	0	0	0	0
IN	A	60	INA60	134.91	283.35	IN	NEW	A	A	60	53	2	0	0	0	16	16	0	0	0	4	0	0	0	0	0	0	0	0	0	0	0	0	0	0	2	0	0	0	0	0	0	0	0	0	0	0
IN	A	61	INA61	122.27	271.91	IN	NEW	A	A	61	35	1	0	0	0	9	8	1	0	0	2	0	0	0	0	0	0	0	0	0	2	2	0	0	0	0	0	0	0	0	0	0	0	0	0	0	0
IN	A	62	INA62	129.18	259.58	IN	NEW	A	A	62	68	0	0	0	1	4	4	1	0	0	7	0	0	0	0	0	0	0	0	3	0	0	1	0	0	0	0	0	0	0	0	0	0	0	0	0	0
IN	A	63	INA63	108.85	326.34	IN	NEW	A	A	63	3	0	0	0	0	5	5	0	0	0	3	1	1	0	0	0	0	0	0	1	0	0	0	0	0	0	0	0	0	0	0	0	0	0	1	0	0
IN	A	64	INA64	120.93	360.33	IN	NEW	A	A	64	0	0	0	0	1	5	5	0	0	0	10	0	0	0	0	0	0	0	0	0	0	0	3	1	0	1	0	0	0	0	0	0	0	0	0	0	0
IN	A	65	INA65	129.26	371.53	IN	NEW	A	A	65	0	0	0	0	0	0	0	0	1	1	5	0	0	0	0	0	0	0	0	1	0	0	0	0	0	2	0	0	0	0	0	0	0	0	0	0	0
IN	A	66	INA66	102.33	381.64	IN	NEW	A	A	66	0	0	0	0	0	19	19	0	0	0	26	0	0	0	0	0	0	0	0	1	0	0	0	0	0	124	0	0	5	0	0	0	0	0	0	0	0
IN	A	67	INA67	100.03	385.43	IN	NEW	A	A	67	0	0	0	0	0	0	0	0	0	0	3	0	0	0	0	0	0	0	0	0	0	0	0	0	0	18	0	0	0	0	0	0	0	0	0	0	0
IN	A	71	INA71	24.17	346.32	IN	NEW	A	A	71	1	0	0	0	0	0	0	14	1	1	3	0	0	0	0	0	0	0	0	0	0	0	0	0	0	0	1	0	0	0	0	0	0	0	0	0	0
IN	A	72	INA72	-4.14	288.12	IN	NEW	A	A	72	1	0	0	0	1	0	0	24	0	0	1	0	0	0	0	0	0	0	0	2	0	0	0	0	0	0	0	0	2	0	0	0	0	0	0	0	0
IN	A	73	INA73	56.88	212.38	IN	NEW	A	A	73	66	0	1	0	0	0	0	0	0	0	0	0	0	0	0	0	0	0	0	0	0	0	0	0	0	0	0	0	0	0	0	0	0	0	0	0	0
IN	A	74	INA74	65.82	202.81	IN	NEW	A	A	74	62	5	6	0	0	0	0	0	0	0	0	0	0	0	0	0	0	0	0	0	0	0	0	0	0	0	0	0	0	0	0	0	0	0	0	0	0
IN	A	75	INA75	74.83	389.47	IN	NEW	A	A	75	0	0	0	0	1	1	1	0	0	0	7	0	0	0	0	0	0	0	0	0	0	0	1	0	0	2	0	0	4	0	0	0	0	0	0	0	0
IN	A	76	INA76	79.74	386.03	IN	NEW	A	A	76	1	0	0	0	0	0	0	0	0	0	4	0	0	0	0	0	0	0	0	0	0	0	0	0	0	2	0	0	0	0	0	0	0	0	0	0	0
IN	A	77	INA77	76.96	382.35	IN	NEW	A	A	77	2	0	0	0	4	10	9	0	0	0	3	0	0	2	0	0	0	1	1	0	0	0	0	0	0	46	0	0	0	0	0	0	0	0	0	0	0
IN	A	78	INA78	93.66	254.79	IN	NEW	A	A	78	9	3	0	0	1	1	1	2	1	1	1	0	0	0	0	0	0	0	0	2	0	0	0	0	0	225	0	0	1	0	0	0	0	0	0	0	0
IN	A	54b	INA54b	18.39	281.15	IN	NEW	A	A	54b	0	0	0	0	2	0	0	0	0	0	6	0	0	0	0	0	0	0	0	0	0	0	0	0	0	1	0	0	0	0	0	0	0	0	0	0	0
IN	B	41	INB41	36.26	285.24	IN	NEW	B	B	41	0	0	0	0	0	0	0	0	0	0	13	0	0	0	0	0	0	0	0	0	0	0	0	0	0	0	0	0	0	0	0	0	0	0	0	0	0
IN	B	42	INB42	28.37	287.65	IN	NEW	B	B	42	0	0	0	0	0	0	0	0	0	0	13	0	0	0	0	0	0	0	0	0	0	0	0	0	0	0	0	0	0	0	0	0	0	0	0	0	0
IN	B	43	INB43	25.32	296.01	IN	NEW	B	B	43	0	0	0	0	95	30	30	0	0	0	4	0	0	1	0	0	0	0	0	0	0	0	0	0	0	0	0	0	0	0	0	0	0	0	0	0	0
IN	B	44	INB44	18.67	305.51	IN	NEW	B	B	44	0	0	0	0	0	17	17	0	0	0	3	0	0	1	0	0	0	0	0	0	0	0	0	0	0	0	0	0	0	0	0	0	0	0	0	0	0
IN	B	45	INB45	28.06	308.5	IN	NEW	B	B	45	1	0	0	0	40	0	0	3	0	0	5	0	0	0	0	0	0	0	0	0	0	0	0	0	0	0	0	0	0	0	0	0	0	0	0	0	0
IN	B	46	INB46	24.99	311.07	IN	NEW	B	B	46	0	0	0	0	0	0	0	0	0	0	7	0	0	0	0	0	0	0	0	0	0	0	0	0	0	0	0	0	0	0	0	0	0	0	0	0	0
IN	B	47	INB47	38.18	331.89	IN	NEW	B	B	47	0	0	0	0	0	1	1	0	0	0	9	0	0	0	0	0	0	0	0	0	0	0	0	0	0	0	0	0	0	0	0	0	0	0	0	0	0
IN	B	48	INB48	43.88	331.09	IN	NEW	B	B	48	0	0	0	0	0	0	0	0	0	0	3	0	0	0	0	0	0	0	0	0	0	0	0	0	0	0	0	0	0	0	0	0	0	0	0	0	0
IN	B	49	INB49	52.54	349.67	IN	NEW	B	B	49	0	0	0	0	0	0	0	0	0	0	0	0	0	0	0	0	0	0	0	0	0	0	0	0	0	0	0	0	0	0	0	0	0	0	0	0	0
IN	B	50	INB50	40.78	363.25	IN	NEW	B	B	50	0	0	0	0	0	0	0	0	0	0	0	0	0	0	0	0	0	0	0	0	0	0	0	0	0	0	0	0	0	0	0	0	0	0	0	0	0
IN	B	51	INB51	51.58	371.55	IN	NEW	B	B	51	0	0	0	0	0	0	0	0	0	0	3	0	0	0	0	0	0	0	0	0	0	0	0	0	0	0	0	0	0	0	0	0	0	0	0	0	0
IN	B	52	INB52	51.44	374.95	IN	NEW	B	B	52	0	0	0	0	3	4	4	0	0	0	2	0	0	0	0	0	0	0	0	0	0	0	0	0	0	0	0	0	0	0	0	0	0	0	0	0	0
IN	B	53	INB53	54.91	384.49	IN	NEW	B	B	53	0	0	0	0	1	13	12	0	0	0	4	0	0	0	0	0	0	0	0	0	0	0	0	0	0	0	0	0	1	0	0	0	0	0	0	0	0
IN	B	54	INB54	43.99	399.41	IN	NEW	B	B	54	0	0	0	0	3	2	2	0	0	0	2	0	0	0	0	0	0	0	0	0	0	0	0	0	0	0	0	0	0	0	0	0	0	0	0	0	0
IN	B	55	INB55	53.19	403.7	IN	NEW	B	B	55	0	0	0	0	0	0	0	0	0	0	5	0	0	0	0	0	0	0	0	0	0	0	0	0	0	0	0	0	0	0	0	0	0	0	0	0	0
IN	B	56	INB56	49.79	409.59	IN	NEW	B	B	56	0	0	0	0	3	0	0	0	0	0	0	0	0	0	0	0	0	0	0	0	0	0	0	0	0	0	0	0	0	0	0	0	0	0	0	0	0
IN	B	57	INB57	56.96	417.8	IN	NEW	B	B	57	0	0	0	0	0	0	0	0	0	0	2	0	0	0	0	0	0	0	0	0	0	0	0	0	0	0	0	0	0	0	0	0	0	0	0	0	0
IN	B	58	INB58	66.69	423.15	IN	NEW	B	B	58	0	0	0	0	1	0	0	0	0	0	4	0	0	0	0	0	0	0	0	1	0	0	0	0	0	0	0	0	0	0	0	0	0	0	0	0	0
IN	B	59	INB59	66.35	432.1	IN	NEW	B	B	59	0	0	0	0	1	0	0	0	0	0	4	0	0	0	0	0	0	0	0	0	0	0	0	0	0	0	0	0	0	0	0	0	0	0	0	0	0
IN	B	60	INB60	66.06	443.03	IN	NEW	B	B	60	0	0	0	0	7	0	0	0	0	0	1	0	0	0	0	0	0	0	0	0	0	0	0	0	0	0	0	0	1	0	0	0	0	0	0	0	0
IN	B	61	INB61	76.22	437.48	IN	NEW	B	B	61	0	0	0	0	2	0	0	0	0	0	3	0	0	0	0	0	0	0	0	0	0	0	0	0	0	0	0	0	0	0	0	0	0	0	0	0	0
IN	B	62	INB62	83.15	432.65	IN	NEW	B	B	62	0	0	0	0	0	0	0	0	0	0	2	0	0	0	0	0	0	0	0	0	0	0	0	0	0	0	0	0	0	0	0	0	0	0	0	0	0
IN	B	63	INB63	85.38	432.47	IN	NEW	B	B	63	0	0	0	0	0	0	0	0	0	0	4	0	0	0	0	0	0	0	0	0	0	0	0	0	0	0	0	0	0	0	0	0	0	0	0	0	0
IN	B	64	INB64	88.28	427.38	IN	NEW	B	B	64	0	0	0	0	25	0	0	0	0	0	4	0	0	0	0	0	0	0	0	0	0	0	0	0	0	0	0	0	0	0	0	0	0	0	0	0	0
IN	B	65	INB65	87.56	419.12	IN	NEW	B	B	65	0	0	0	0	0	0	0	0	0	0	5	0	0	0	0	0	0	0	0	0	0	0	0	0	0	1	0	0	0	0	0	0	0	0	0	0	0
IN	B	66	INB66	96.32	420.66	IN	NEW	B	B	66	0	0	0	0	0	0	0	0	0	0	4	0	0	0	0	0	0	0	0	0	0	0	0	0	0	0	0	0	0	0	0	0	0	0	0	0	0
IN	B	67	INB67	100.99	415.99	IN	NEW	B	B	67	0	0	0	0	4	0	0	0	0	0	9	0	0	0	0	0	0	0	0	0	0	0	0	0	0	0	0	0	0	0	0	0	0	0	0	0	0
IN	B	68	INB68	97.35	408.91	IN	NEW	B	B	68	0	0	0	0	0	0	0	0	0	0	5	0	0	0	0	0	0	0	0	0	0	0	0	0	0	0	0	0	0	0	0	0	0	0	0	0	0
IN	B	69	INB69	105.87	410.17	IN	NEW	B	B	69	0	0	0	0	0	0	0	0	0	0	7	0	0	0	0	0	0	0	0	0	0	0	0	0	0	0	0	0	0	0	0	0	0	0	0	0	0
IN	B	70	INB70	112.54	411.96	IN	NEW	B	B	70	0	0	0	0	0	0	0	0	0	0	8	0	0	0	0	0	0	0	0	0	0	0	0	0	0	0	0	0	0	0	0	0	0	0	0	0	0
IN	B	71	INB71	47.48	324.86	IN	NEW	B	B	71	0	0	0	0	0	0	0	0	0	0	1	0	0	73	0	0	0	0	0	0	0	0	0	0	0	0	0	0	0	0	0	0	0	0	0	0	0
IN	B	72	INB72	59.24	312.78	IN	NEW	B	B	72	1	0	0	0	0	0	0	0	0	0	0	0	0	29	0	0	0	0	0	0	0	0	0	0	0	0	0	0	0	0	0	0	0	0	0	0	0
IN	B	73	INB73	59.76	300.58	IN	NEW	B	B	73	0	0	0	0	0	0	0	0	0	0	0	0	0	39	0	0	0	0	0	0	0	0	0	0	0	0	0	0	0	0	0	0	0	0	0	0	0
IN	P	1	INP1	50.83	219.03	IN	NEW	P	P	1	10	4	0	0	2	4	2	1	0	0	1	0	0	0	0	0	0	0	0	0	0	0	0	0	0	0	0	0	0	0	0	0	0	0	0	0	0
IN	P	2	INP2	51.14	228.53	IN	NEW	P	P	2	9	1	0	0	0	0	0	0	0	0	6	0	0	0	0	0	0	0	0	0	0	0	0	0	0	0	0	0	0	0	0	0	0	0	0	0	0
IN	P	3	INP3	52.05	245.21	IN	NEW	P	P	3	5	0	1	0	0	0	0	0	1	0	4	0	0	0	0	0	0	0	0	0	0	0	0	0	0	0	0	0	0	0	0	0	0	0	0	0	0
IN	P	4	INP4	45.68	268.97	IN	NEW	P	P	4	0	0	0	0	0	0	0	0	0	0	5	0	0	0	0	0	0	0	0	0	0	0	0	0	0	0	0	0	0	0	0	0	0	0	0	0	0
IN	P	5	INP5	34.9	269.7	IN	NEW	P	P	5	0	0	0	0	0	0	0	0	0	0	18	0	0	0	0	0	0	0	0	0	0	0	0	0	0	0	0	0	0	0	0	0	0	0	0	0	0
IN	P	6	INP6	37.77	280.42	IN	NEW	P	P	6	2	0	1	0	0	0	0	0	0	0	8	0	0	0	0	0	0	0	0	2	0	0	0	0	0	0	0	0	0	0	0	0	0	0	0	0	0
IN	P	7	INP7	27.2	283.04	IN	NEW	P	P	7	3	0	0	0	0	0	0	0	0	0	22	0	0	0	0	0	0	0	0	1	0	0	0	0	0	0	0	0	0	0	0	0	0	0	0	0	0
IN	P	8	INP8	14.76	302.11	IN	NEW	P	P	8	3	2	0	0	1	0	0	0	1	0	12	0	0	0	0	0	0	0	0	39	0	0	0	0	0	10	0	0	0	0	0	0	0	0	0	0	0
IN	P	9	INP9	-3.42	311.26	IN	NEW	P	P	9	2	0	0	0	0	0	0	0	0	0	9	0	0	0	0	0	0	0	0	0	0	0	0	0	0	0	0	0	0	0	0	0	0	0	0	0	0
IN	P	10	INP10	2.03	317.98	IN	NEW	P	P	10	2	1	0	0	0	0	0	0	0	0	19	0	0	0	0	0	0	0	0	0	0	0	0	0	0	0	0	0	0	0	0	0	0	0	0	0	0
IN	P	11	INP11	26.49	326.43	IN	NEW	P	P	11	4	0	0	0	0	1	0	1	0	0	3	0	0	0	0	0	0	0	0	0	0	0	0	0	0	1	0	0	0	0	0	0	0	0	0	0	0
IN	P	12	INP12	12.73	342.83	IN	NEW	P	P	12	0	0	0	0	1	0	0	0	0	0	5	0	0	0	0	0	0	0	0	0	0	0	0	0	0	0	0	0	0	0	0	0	0	0	0	0	0
IN	P	13	INP13	33.43	363.61	IN	NEW	P	P	13	2	1	0	0	0	2	1	0	0	0	1	0	0	0	0	0	0	0	0	0	0	0	0	0	0	0	0	0	0	0	0	0	0	0	0	0	0
IN	P	14	INP14	62.9	350.11	IN	NEW	P	P	14	1	0	0	0	0	0	0	0	0	0	0	0	0	0	0	0	0	0	0	0	0	0	0	0	0	0	0	0	1	0	0	0	0	0	0	0	0
IN	P	15	INP15	73.5	362.75	IN	NEW	P	P	15	4	0	0	0	0	3	3	0	0	0	52	0	0	0	0	0	0	0	0	0	0	0	0	0	0	0	0	0	0	0	0	0	0	0	0	0	0
IN	P	16	INP16	60.18	393.71	IN	NEW	P	P	16	0	0	0	0	0	2	2	0	0	0	0	0	0	0	0	0	0	0	0	0	0	0	0	0	0	0	0	0	0	0	0	0	0	0	0	0	0
IN	P	17	INP17	60.18	402.71	IN	NEW	P	P	17	0	0	0	0	0	0	0	0	0	0	3	0	0	0	0	0	0	0	0	0	0	0	0	0	0	0	0	0	0	0	0	0	0	0	0	0	0
IN	P	18	INP18	66.23	419.25	IN	NEW	P	P	18	2	0	0	0	0	5	2	0	0	0	1	0	0	0	0	0	0	0	0	4	0	0	0	0	0	0	0	0	0	0	0	0	0	0	0	0	0
IN	P	19	INP19	72.15	426.3	IN	NEW	P	P	19	0	0	0	0	0	2	2	0	0	0	1	0	0	0	0	0	0	0	0	0	0	0	0	0	0	0	0	0	0	0	0	1	0	0	0	0	0
IN	P	20	INP20	75.02	432.46	IN	NEW	P	P	20	0	0	0	0	0	0	0	0	0	0	3	0	0	0	0	0	0	0	0	0	0	0	0	0	0	0	0	0	0	0	0	0	0	0	0	0	0
IN	P	21	INP21	119.22	409	IN	NEW	P	P	21	1	0	0	0	0	0	0	0	0	0	0	0	0	0	0	0	0	0	0	0	0	0	0	0	0	0	1	1	0	0	0	0	0	0	0	0	0
IN	P	22	INP22	116.1	391.28	IN	NEW	P	P	22	1	0	0	0	0	0	0	0	0	0	0	0	0	0	0	0	0	0	0	0	0	0	0	0	0	0	0	0	0	0	0	0	0	0	0	0	0
IN	P	23	INP23	121.52	382.7	IN	NEW	P	P	23	0	0	0	0	0	0	0	0	0	0	0	0	0	0	0	0	0	0	0	0	0	0	0	0	0	0	0	0	0	0	0	0	0	0	0	0	0
IN	P	24	INP24	111.42	388.58	IN	NEW	P	P	24	0	0	0	0	0	0	0	0	0	0	1	0	0	0	0	0	0	0	0	0	0	0	0	0	0	0	0	0	0	0	0	0	0	0	0	0	0
IN	P	25	INP25	80.86	407.51	IN	NEW	P	P	25	2	0	0	0	0	0	0	1	0	0	6	0	0	0	0	0	0	0	0	1	0	0	0	0	0	3	0	0	0	0	0	0	0	0	0	0	0
IN	P	26	INP26	107.55	377.87	IN	NEW	P	P	26	0	0	0	0	0	0	0	0	0	0	0	0	0	0	0	0	0	0	0	0	0	0	0	0	0	0	0	0	0	0	0	0	0	0	0	0	0
IN	P	27	INP27	103.32	366.14	IN	NEW	P	P	27	3	1	0	0	0	3	3	0	0	0	10	0	0	0	0	0	0	0	0	1	0	0	0	0	0	0	0	0	0	0	0	0	0	0	0	0	0
IN	P	28	INP28	110.95	356.09	IN	NEW	P	P	28	1	0	0	0	0	1	1	0	0	0	1	1	1	0	0	0	0	0	0	0	0	0	0	0	0	0	0	0	0	0	0	0	0	0	0	0	0
IN	P	29	INP29	117.51	347.58	IN	NEW	P	P	29	0	2	0	0	0	0	0	0	0	0	0	0	0	0	0	0	0	0	0	0	0	0	0	0	0	0	0	0	0	0	0	0	0	0	0	0	0
IN	P	30	INP30	106.7	346.41	IN	NEW	P	P	30	2	0	0	0	0	0	0	0	0	0	1	0	0	0	0	0	0	0	0	0	0	0	0	0	0	0	0	0	0	0	0	0	0	0	0	0	0
IN	P	31	INP31	107.55	339.22	IN	NEW	P	P	31	0	0	1	0	0	0	0	0	0	0	0	0	0	0	0	0	0	0	0	0	0	0	0	0	0	0	0	0	0	0	0	0	0	0	0	0	0
IN	P	32	INP32	101.53	337.85	IN	NEW	P	P	32	0	0	0	0	0	0	0	0	0	0	2	0	0	0	0	0	0	0	0	0	0	0	0	0	0	0	0	0	0	0	0	0	0	0	0	0	0
IN	P	33	INP33	93.34	341.78	IN	NEW	P	P	33	0	1	0	0	1	0	0	0	0	0	12	0	0	0	0	0	0	0	0	1	0	0	0	0	0	0	0	0	0	0	0	0	0	0	0	0	0
IN	P	34	INP34	90.49	331.16	IN	NEW	P	P	34	1	1	0	0	2	0	0	0	0	0	0	0	0	0	0	0	0	0	0	0	0	0	0	0	0	0	0	0	0	0	0	0	0	0	0	0	0
IN	P	35	INP35	90.49	321.3	IN	NEW	P	P	35	0	0	0	0	0	8	8	0	0	0	0	0	0	0	0	0	0	0	0	0	0	0	0	0	0	5	0	0	0	0	0	0	0	0	0	0	0
IN	P	36	INP36	84.28	307.97	IN	NEW	P	P	36	4	2	3	0	0	0	0	0	0	0	2	1	1	0	0	0	0	0	0	1	0	0	0	0	0	3	0	0	0	0	0	0	0	0	0	0	0
IN	P	37	INP37	76.93	314.14	IN	NEW	P	P	37	0	0	0	0	1	0	0	0	0	0	2	0	0	0	0	0	0	0	0	0	0	0	0	0	0	0	0	0	0	0	0	0	0	0	0	0	0
IN	P	38	INP38	75.68	305.67	IN	NEW	P	P	38	1	1	0	0	2	2	2	0	0	0	5	0	0	0	1	0	1	0	0	1	0	0	0	0	0	0	0	0	0	0	0	0	0	0	0	0	0
IN	P	39	INP39	87.88	294.55	IN	NEW	P	P	39	2	1	0	0	0	1	1	0	0	0	0	0	0	0	0	0	0	0	0	0	0	0	0	0	0	0	0	0	0	0	0	0	0	0	0	0	0
IN	P	40	INP40	100.8	312.4	IN	NEW	P	P	40	4	1	1	0	0	0	0	0	0	0	1	0	0	0	0	0	0	0	0	0	0	0	0	0	0	0	0	0	0	0	0	0	0	0	0	0	0
IN	R	46	INR46	91.68	213.66	IN	NEW	R	R	46	2	0	0	0	4	0	0	0	0	0	0	0	0	1	0	0	0	0	0	12	0	0	0	0	0	0	0	0	0	0	0	0	0	0	3	0	0
IN	R	47	INR47	90.1	215.55	IN	NEW	R	R	47	3	0	1	0	1	0	0	0	0	0	0	0	0	1	0	0	0	0	0	0	0	0	0	0	0	0	0	0	0	0	0	0	0	0	0	0	0
IN	R	48	INR48	91.06	214.7	IN	NEW	R	R	48	1	0	0	0	0	0	0	0	0	0	0	0	0	0	0	0	0	0	0	0	0	0	0	0	0	0	0	0	0	0	0	0	0	0	0	0	0
IN	R	49	INR49	96.91	217.53	IN	NEW	R	R	49	0	0	0	0	0	0	0	0	0	0	0	0	0	0	0	0	0	0	0	0	0	0	0	0	0	0	0	0	0	0	0	0	0	0	0	0	0
IN	R	50	INR50	95.42	214.23	IN	NEW	R	R	50	3	0	0	0	2	0	0	0	0	0	0	0	0	1	0	0	0	0	0	0	0	0	0	0	0	0	0	0	3	0	0	0	0	0	9	0	0
IN	R	51	INR51	79.86	219.66	IN	NEW	R	R	51	2	0	1	0	0	0	0	0	0	0	0	0	0	0	0	0	0	0	0	0	0	0	0	0	0	0	0	0	0	0	0	0	0	0	0	0	0
IN	R	52	INR52	81.61	219.8	IN	NEW	R	R	52	0	0	0	0	0	0	0	0	0	0	0	0	0	0	0	0	0	0	0	0	0	0	0	0	0	0	0	0	0	0	0	0	0	0	0	0	0
IN	R	53	INR53	78.91	222.72	IN	NEW	R	R	53	1	0	0	0	0	0	0	0	0	0	0	0	0	0	0	0	0	0	0	0	0	0	0	0	0	0	0	0	0	0	0	0	0	0	0	0	0
IN	R	54	INR54	77.01	223.66	IN	NEW	R	R	54	1	0	0	0	0	0	0	0	0	0	0	0	0	0	0	0	0	0	0	0	0	0	0	0	0	0	0	0	0	0	0	0	0	0	0	0	0
IN	R	55	INR55	80.34	224.77	IN	NEW	R	R	55	0	0	0	0	0	0	0	0	0	0	0	0	0	0	0	0	0	0	0	0	0	0	0	0	0	0	0	0	0	0	0	0	0	0	0	0	0
IN	R	56	INR56	81.18	224.51	IN	NEW	R	R	56	0	0	0	0	0	0	0	0	0	0	0	0	0	0	0	0	0	0	0	0	0	0	0	0	0	0	0	0	0	0	0	0	0	0	0	0	0
IN	R	57	INR57	82.72	226.11	IN	NEW	R	R	57	2	0	0	0	0	0	0	1	0	0	0	0	0	0	0	0	0	0	0	0	0	0	0	0	0	0	0	0	0	0	0	0	0	0	0	0	0
IN	R	58	INR58	81.92	226.84	IN	NEW	R	R	58	0	0	0	0	0	0	0	0	0	0	0	0	0	0	0	0	0	0	0	0	0	0	0	0	0	0	0	0	0	0	0	0	0	0	0	0	0
IN	R	59	INR59	80.94	227.81	IN	NEW	R	R	59	1	0	0	0	0	0	0	0	0	0	0	0	0	0	0	0	0	0	0	0	0	0	0	0	0	0	0	0	0	0	0	0	0	0	0	0	0
IN	R	60	INR60	83.21	228.87	IN	NEW	R	R	60	3	0	0	0	0	0	0	0	0	0	0	0	0	0	0	0	0	0	0	0	0	0	0	0	0	0	0	0	0	0	0	0	0	0	0	0	0
IN	R	61	INR61	84.03	226.61	IN	NEW	R	R	61	4	0	0	0	0	0	0	1	0	0	0	0	0	0	0	0	0	0	0	0	0	0	0	0	0	0	0	0	0	0	0	0	0	0	0	0	0
IN	R	62	INR62	90.1	225.65	IN	NEW	R	R	62	2	0	0	0	0	0	0	0	0	0	0	0	0	0	0	0	0	0	0	0	0	0	0	0	0	0	0	0	0	0	0	0	0	0	0	0	0
IN	R	63	INR63	91.01	228.87	IN	NEW	R	R	63	1	0	0	0	0	0	0	0	0	0	0	0	0	0	0	0	0	0	0	0	0	0	0	0	0	0	0	0	0	0	0	0	0	0	0	0	0
IN	R	64	INR64	87.39	235	IN	NEW	R	R	64	0	0	0	0	0	0	0	0	0	0	0	0	0	0	0	0	0	0	0	0	0	0	0	0	0	0	0	0	0	0	0	0	0	0	0	0	0
IN	R	65	INR65	83.1	237.49	IN	NEW	R	R	65	5	0	0	0	2	0	0	1	0	0	0	0	0	0	0	0	0	0	0	0	0	0	0	0	0	0	0	0	0	0	0	0	0	0	0	0	0
IN	R	66	INR66	80.34	245.63	IN	NEW	R	R	66	0	0	0	0	0	0	0	0	0	0	0	0	0	0	0	0	0	0	0	0	0	0	0	0	0	0	0	0	0	0	0	0	0	0	0	0	0
IN	R	67	INR67	87.34	249.14	IN	NEW	R	R	67	0	0	0	0	1	0	0	0	0	0	0	0	0	0	0	0	0	0	0	0	0	0	0	0	0	0	0	0	0	0	0	0	0	0	0	0	0
IN	R	68	INR68	99.01	257.29	IN	NEW	R	R	68	1	0	0	0	0	0	0	0	0	0	1	0	0	0	0	0	0	0	0	0	0	0	0	0	0	0	0	0	0	0	0	0	0	0	0	0	0
IN	R	69	INR69	95.37	259.49	IN	NEW	R	R	69	0	0	0	0	0	0	0	0	0	0	0	0	0	0	0	0	0	0	0	0	0	0	0	0	0	0	0	0	0	0	0	0	0	0	0	0	0
IN	R	70	INR70	92.27	262.67	IN	NEW	R	R	70	0	0	0	0	0	0	0	0	0	0	0	0	0	0	0	0	0	0	0	0	0	0	0	0	0	0	0	0	0	0	0	0	0	0	0	0	0
IN	R	71	INR71	79.3	362.75	IN	NEW	R	R	71	0	0	0	0	0	0	0	0	0	0	0	0	0	0	0	0	0	0	0	13	0	0	0	0	0	0	0	0	0	0	0	0	0	0	0	0	0
IN	R	72	INR72	83.54	371.17	IN	NEW	R	R	72	0	0	0	0	0	0	0	0	0	0	4	0	0	0	0	0	0	0	0	0	0	0	0	0	0	0	0	0	0	0	0	0	0	0	0	0	0
IN	R	73	INR73	89.32	371.23	IN	NEW	R	R	73	0	0	0	0	0	0	0	0	0	0	10	0	0	0	0	0	0	0	0	0	0	0	0	0	0	0	0	0	0	0	0	0	0	0	0	0	0
IN	R	74	INR74	93.26	374.04	IN	NEW	R	R	74	0	0	0	0	0	0	0	0	0	0	0	0	0	0	0	0	0	0	0	0	0	0	0	0	0	0	0	0	0	0	0	0	0	0	0	0	0
IN	R	75	INR75	95.34	370.82	IN	NEW	R	R	75	0	0	0	0	0	0	0	0	0	0	6	0	0	0	0	0	0	0	0	0	0	0	0	0	0	0	0	0	0	0	0	0	0	0	0	0	0
IN	R	76	INR76	91.24	381.33	IN	NEW	R	R	76	0	0	0	0	1	0	0	0	0	0	8	0	0	0	0	0	0	0	0	0	0	0	0	0	0	0	0	0	0	0	0	0	0	0	0	0	0
IN	R	77	INR77	95.04	383.1	IN	NEW	R	R	77	0	0	0	0	0	0	0	0	0	0	0	0	0	0	0	0	0	0	0	0	0	0	0	0	0	0	0	0	0	0	0	0	0	0	0	0	0
IN	R	78	INR78	98.43	384.85	IN	NEW	R	R	78	0	0	0	0	0	0	0	0	0	0	1	0	0	0	0	0	0	0	0	0	0	0	0	0	0	0	0	0	0	0	0	0	0	0	0	0	0
IN	R	79	INR79	101.99	387.5	IN	NEW	R	R	79	0	0	0	0	0	0	0	0	0	0	4	0	0	0	0	0	0	0	0	0	0	0	0	0	0	0	0	0	0	0	0	0	0	0	0	0	0
IN	R	80	INR80	107.91	395.52	IN	NEW	R	R	80	0	0	0	0	0	0	0	0	0	0	1	0	0	0	0	0	0	0	0	0	0	0	0	0	0	0	0	0	0	0	0	0	0	0	0	0	0
IN	S	41	INS41	41.71	277.82	IN	NEW	S	S	41	0	0	0	0	0	0	0	0	0	0	19	0	0	0	0	0	0	0	0	0	0	0	0	0	0	0	0	0	0	0	0	0	0	0	0	0	0
IN	S	42	INS42	36.17	264.13	IN	NEW	S	S	42	0	0	0	0	0	0	0	0	0	0	12	0	0	0	0	0	0	0	0	0	0	0	0	0	0	0	0	0	0	0	0	0	0	0	0	0	0
IN	S	43	INS43	37.48	259.77	IN	NEW	S	S	43	0	0	0	0	0	0	0	0	0	0	4	2	2	0	0	0	0	0	0	0	0	0	0	0	0	0	0	0	0	0	0	0	0	0	0	0	0
IN	S	44	INS44	41.55	254.01	IN	NEW	S	S	44	0	0	0	0	0	0	0	0	0	0	4	0	0	0	0	0	0	0	0	0	0	0	0	0	0	0	0	0	0	0	0	0	0	0	0	0	0
IN	S	45	INS45	43.44	249.22	IN	NEW	S	S	45	0	0	1	0	0	0	0	0	0	0	3	0	0	0	0	0	0	0	0	0	0	0	0	0	0	0	0	0	0	0	0	0	0	0	0	0	0
IN	S	46	INS46	45.09	243.34	IN	NEW	S	S	46	0	0	0	0	0	0	0	0	0	0	4	0	0	0	0	0	0	0	0	0	0	0	0	0	0	0	0	0	0	0	0	0	0	0	0	0	0
IN	S	47	INS47	47.74	240.08	IN	NEW	S	S	47	0	0	0	0	1	0	0	0	0	0	2	0	0	0	0	0	0	0	0	0	0	0	0	0	0	0	0	0	0	0	0	0	0	0	0	0	0
IN	S	48	INS48	50.82	238.22	IN	NEW	S	S	48	0	0	0	0	0	0	0	0	0	0	4	0	0	0	0	0	0	0	0	0	0	0	0	0	0	0	0	0	0	0	0	0	0	0	0	0	0
IN	S	49	INS49	52.84	236.14	IN	NEW	S	S	49	0	0	0	0	0	0	0	0	0	0	6	0	0	0	0	0	0	0	0	0	0	0	0	0	0	0	0	0	0	0	0	0	0	0	0	0	0
IN	S	50	INS50	46.55	235.68	IN	NEW	S	S	50	0	0	0	0	0	0	0	0	0	0	3	0	0	0	0	0	0	0	0	0	0	0	0	0	0	0	0	0	0	0	0	0	0	0	0	0	0
IN	S	51	INS51	30.14	279.63	IN	NEW	S	S	51	0	0	0	0	0	0	0	0	0	0	9	0	0	0	0	0	0	0	0	0	0	0	0	0	0	0	0	0	0	0	0	0	0	0	0	0	0
IN	S	52	INS52	36.26	296.04	IN	NEW	S	S	52	0	0	0	0	0	0	0	0	0	0	0	0	0	0	0	0	0	0	0	0	0	0	0	0	0	0	0	0	0	0	0	0	0	0	0	0	0
IN	S	53	INS53	43.38	311.8	IN	NEW	S	S	53	0	0	0	0	0	0	0	0	0	0	3	0	0	0	0	0	0	0	0	0	0	0	0	0	0	0	0	0	0	0	0	0	0	0	0	0	0
IN	S	54	INS54	45.87	326.21	IN	NEW	S	S	54	0	0	0	0	0	0	0	0	0	0	2	0	0	0	0	0	0	0	0	0	0	0	0	0	0	0	0	0	0	0	0	0	0	0	0	0	0
IN	S	55	INS55	77.1	356.52	IN	NEW	S	S	55	0	0	0	0	0	0	0	0	0	0	6	0	0	0	0	0	0	0	0	0	0	0	0	0	0	0	0	0	0	0	0	0	0	0	0	0	0
IN	S	56	INS56	69.8	348.94	IN	NEW	S	S	56	0	0	0	0	0	0	0	0	0	0	8	0	0	0	0	0	0	0	0	0	0	0	0	0	0	0	0	0	0	0	0	0	0	0	0	0	0
IN	S	57	INS57	49.08	303.95	IN	NEW	S	S	57	0	0	0	0	1	0	0	0	0	0	1	0	0	0	0	0	0	0	0	0	0	0	0	0	0	0	0	0	0	0	0	0	0	0	0	0	0
IN	S	58	INS58	43.29	286.76	IN	NEW	S	S	58	0	0	0	0	0	0	0	0	0	0	2	0	0	0	0	0	0	0	0	0	0	0	0	0	0	0	0	0	0	0	0	0	0	0	0	0	0
IN	S	59	INS59	46.06	279.07	IN	NEW	S	S	59	0	0	0	0	0	0	0	0	0	0	6	0	0	0	0	0	0	0	0	0	0	0	0	0	0	0	0	0	0	0	0	0	0	0	0	0	0
IN	S	60	INS60	54.59	321.54	IN	NEW	S	S	60	0	0	0	0	0	0	0	0	0	0	0	0	0	0	0	0	0	0	0	0	0	0	0	0	0	0	0	0	0	0	0	0	0	0	0	0	0
IN	S	61	INS61	52.14	245.63	IN	NEW	S	S	61	0	0	0	0	0	0	0	0	0	0	4	0	0	0	0	0	0	0	0	0	0	0	0	0	0	0	0	0	0	0	0	0	0	0	0	0	0
IN	S	62	INS62	57.11	244.62	IN	NEW	S	S	62	0	0	0	0	2	0	0	0	0	0	2	0	0	0	0	0	0	0	0	0	0	0	0	0	0	0	0	0	0	0	0	0	0	0	0	0	0
IN	S	63	INS63	58.33	248.53	IN	NEW	S	S	63	0	0	0	0	0	0	0	0	0	0	1	0	0	0	0	0	0	0	0	0	0	0	0	0	0	0	0	0	0	0	0	0	0	0	0	0	0
IN	S	64	INS64	64.1	247.05	IN	NEW	S	S	64	0	0	0	0	0	0	0	0	0	0	0	0	0	0	0	0	0	0	0	1	0	0	0	0	0	0	0	0	0	0	0	0	0	0	0	0	0
IN	S	65	INS65	68.13	247.79	IN	NEW	S	S	65	0	0	0	0	0	0	0	0	0	0	0	0	0	0	0	0	0	0	0	0	0	0	0	0	0	0	0	0	0	0	0	0	0	0	0	0	0
IN	S	66	INS66	70.1	250.41	IN	NEW	S	S	66	0	0	0	0	1	0	0	0	0	0	0	0	0	0	0	0	0	0	0	0	0	0	0	0	0	0	0	0	0	0	0	0	0	0	0	0	0
IN	S	67	INS67	74.28	249.13	IN	NEW	S	S	67	1	0	0	0	1	0	0	1	0	0	1	0	0	0	0	0	0	0	0	0	0	0	0	0	0	0	0	0	0	0	0	0	0	0	0	0	0
IN	S	68	INS68	75.89	253.34	IN	NEW	S	S	68	0	0	0	0	0	0	0	0	0	0	3	0	0	0	0	0	0	0	0	0	0	0	0	0	0	0	0	0	0	0	0	0	0	0	0	0	0
IN	S	69	INS69	79.55	254.7	IN	NEW	S	S	69	0	0	0	0	0	0	0	0	0	0	1	0	0	0	0	0	0	0	0	0	0	0	0	0	0	0	0	0	0	0	0	0	0	0	0	0	0
IN	S	70	INS70	75.83	262.44	IN	NEW	S	S	70	0	0	0	0	0	0	0	0	0	0	0	0	0	0	0	0	0	0	0	0	0	0	0	0	0	0	0	0	0	0	0	0	0	0	0	0	0
IN	S	71	INS71	87.14	264.33	IN	NEW	S	S	71	0	0	0	0	0	0	0	1	0	0	0	0	0	0	0	0	0	0	0	0	0	0	0	0	0	0	0	0	0	0	0	0	0	0	0	0	0
IN	S	72	INS72	90.05	272.32	IN	NEW	S	S	72	0	0	0	0	0	0	0	0	0	0	1	0	0	0	0	0	0	0	0	0	0	0	0	0	0	0	0	0	0	0	0	0	0	0	0	0	0
IN	S	73	INS73	91.56	276.46	IN	NEW	S	S	73	0	0	0	0	0	0	0	0	0	0	0	0	0	0	0	0	0	0	0	0	0	0	0	0	0	0	0	0	0	0	0	0	0	0	0	0	0
IN	S	74	INS74	104.77	301.5	IN	NEW	S	S	74	0	0	0	0	0	0	0	0	0	0	0	0	0	0	0	0	0	0	0	0	0	0	0	0	0	0	0	0	0	0	0	0	0	0	0	0	0
IN	S	75	INS75	109.14	304.06	IN	NEW	S	S	75	0	0	0	0	0	0	0	0	0	0	0	0	0	0	0	0	0	0	0	0	0	0	0	0	0	0	0	0	0	0	0	0	0	0	0	0	0
IN	S	76	INS76	114.84	306.58	IN	NEW	S	S	76	0	0	0	0	0	0	0	0	0	0	1	0	0	0	0	0	0	0	0	0	0	0	0	0	0	0	0	0	0	0	0	0	0	0	0	0	0
IN	S	77	INS77	116.5	312.4	IN	NEW	S	S	77	0	0	0	0	0	0	0	0	0	0	0	0	0	0	0	0	0	0	0	0	0	0	0	0	0	0	0	0	0	0	0	0	0	0	0	0	0
IN	S	78	INS78	120.32	314.11	IN	NEW	S	S	78	0	0	0	0	0	0	0	0	0	0	0	0	0	0	0	0	0	0	0	0	0	0	0	0	0	0	0	0	0	0	0	0	0	0	0	0	0
IN	S	79	INS79	123.21	318.4	IN	NEW	S	S	79	0	0	0	0	0	0	0	0	0	0	2	0	0	0	0	0	0	0	0	0	0	0	0	0	0	0	0	0	0	0	0	0	0	0	0	0	0
IN	S	80	INS80	122.82	322.67	IN	NEW	S	S	80	0	0	0	0	0	0	0	0	0	0	5	0	0	0	0	0	0	0	0	0	0	0	1	0	0	0	0	0	0	0	0	0	0	0	0	0	0
IN	A	1	INA1	12.68	178.07	IN	OLD	A	A	1	8	0	0	0	3	1	0	0	0	0	6	0	0	0	0	0	0	0	0	0	0	0	0	0	0	0	0	0	0	0	0	0	0	0	0	0	0
IN	A	2	INA2	-1.15	169.45	IN	OLD	A	A	2	14	3	0	0	0	13	12	0	0	0	10	0	0	0	0	0	0	2	0	0	0	0	0	0	0	0	0	0	0	0	0	1	0	0	0	0	0
IN	A	3	INA3	-19.34	166.82	IN	OLD	A	A	3	4	7	0	0	0	2	2	1	2	0	2	0	0	0	0	0	0	0	0	1	0	0	0	0	0	0	0	0	0	0	0	0	0	0	0	0	0
IN	A	4	INA4	-21.53	168.46	IN	OLD	A	A	4	5	1	0	0	2	0	0	0	0	0	7	0	0	0	0	0	0	0	0	29	0	0	0	0	0	0	0	0	0	0	0	0	0	0	0	0	0
IN	A	5	INA5	-12.48	182.04	IN	OLD	A	A	5	137	7	2	0	6	2	0	0	1	1	2	0	0	0	0	0	0	0	0	0	0	0	0	0	0	0	0	0	0	0	0	0	0	0	0	0	0
IN	A	6	INA6	-25	159.23	IN	OLD	A	A	6	65	10	0	0	1	3	2	2	1	0	3	0	0	0	0	0	0	1	0	6	2	0	0	0	0	0	0	0	2	0	0	0	0	0	0	0	0
IN	A	7	INA7	-24.32	165.01	IN	OLD	A	A	7	32	2	0	0	7	0	0	1	0	0	1	0	0	0	0	0	0	0	0	33	0	0	0	0	0	0	0	0	0	0	0	0	0	0	0	0	0
IN	A	8	INA8	-24.64	161.46	IN	OLD	A	A	8	6	1	1	0	1	0	0	0	0	0	2	0	0	0	0	0	0	1	0	0	0	0	0	0	0	0	0	0	0	0	0	0	0	0	0	0	0
IN	A	9	INA9	-41.02	172.14	IN	OLD	A	A	9	5	2	0	0	2	5	5	0	0	0	3	0	0	0	0	0	0	0	0	0	1	0	0	0	0	0	0	0	0	0	0	0	0	0	0	0	0
IN	A	10	INA10	-51.21	176.11	IN	OLD	A	A	10	84	5	0	0	2	0	0	0	0	0	5	0	0	0	0	0	0	0	0	0	0	0	0	0	0	0	0	0	0	0	0	0	0	0	0	0	0
IN	A	11	INA11	-69.81	170.28	IN	OLD	A	A	11	0	1	0	0	0	1	0	0	0	0	3	0	0	0	0	0	0	0	0	0	0	0	0	0	0	0	0	0	0	0	0	0	0	0	0	0	0
IN	A	12	INA12	-64.98	120.89	IN	OLD	A	A	12	1	0	0	0	3	0	0	0	0	0	7	0	0	0	0	0	0	0	0	0	0	0	0	0	0	0	0	0	0	0	0	0	0	0	0	0	0
IN	A	13	INA13	-94.55	128.47	IN	OLD	A	A	13	0	0	0	0	9	8	8	0	0	0	13	0	0	1	0	0	0	0	0	0	0	0	0	0	0	0	0	0	0	0	0	0	0	0	0	0	0
IN	A	14	INA14	-100.3	128.02	IN	OLD	A	A	14	0	1	0	0	7	0	0	0	0	0	18	0	0	0	0	0	0	0	0	0	0	0	3	0	0	0	0	0	0	0	0	3	0	0	0	0	0
IN	A	15	INA15	-130.47	115.18	IN	OLD	A	A	15	1	0	1	0	5	0	0	1	0	0	11	0	0	2	0	0	0	0	0	1	0	0	0	0	0	0	0	0	0	0	0	0	0	0	0	0	0
IN	A	16	INA16	-130.41	121.69	IN	OLD	A	A	16	0	0	0	0	8	0	0	0	0	0	9	0	0	0	0	0	0	0	0	0	0	0	0	0	0	0	0	0	0	0	0	1	0	0	0	0	0
IN	A	17	INA17	-129.03	128.28	IN	OLD	A	A	17	1	0	0	0	1	0	0	0	0	0	7	0	0	0	0	0	0	0	0	1	0	0	0	0	0	0	0	0	0	0	0	0	0	0	0	0	0
IN	A	18	INA18	-141.22	154.09	IN	OLD	A	A	18	0	0	0	0	1	1	1	0	0	0	8	0	0	0	0	0	0	0	0	0	1	0	0	0	0	0	0	0	0	0	0	0	0	0	0	0	0
IN	A	19	INA19	47.21	155.73	IN	OLD	A	A	19	16	5	0	0	2	0	0	0	0	0	18	0	0	1	2	0	0	0	0	5	0	0	1	0	0	0	0	0	0	0	0	0	0	0	0	0	0
IN	A	20	INA20	52.05	155.28	IN	OLD	A	A	20	90	14	0	0	1	2	2	1	2	1	14	0	0	0	0	0	0	0	0	0	0	0	0	0	0	0	0	0	0	0	0	0	0	0	0	0	0
IN	A	21	INA21	59.99	153.22	IN	OLD	A	A	21	28	15	1	0	2	2	0	0	3	0	7	0	0	1	1	1	1	0	0	2	0	0	0	0	0	0	0	0	0	0	0	0	0	0	0	0	0
IN	A	22	INA22	61.41	158.29	IN	OLD	A	A	22	53	9	1	1	1	6	5	5	19	13	7	0	0	2	1	0	1	1	0	0	0	0	1	0	0	0	0	0	1	0	0	1	0	0	0	1	0
IN	A	23	INA23	61.24	148.58	IN	OLD	A	A	23	20	4	0	0	1	3	2	0	0	0	5	0	0	1	0	0	0	0	0	0	1	0	0	2	0	0	0	0	0	0	0	0	0	0	1	0	0
IN	A	24	INA24	54.98	131.39	IN	OLD	A	A	24	28	0	6	0	1	0	0	0	0	0	0	0	0	1	0	0	1	0	0	0	0	0	0	0	0	1	0	0	2	0	0	0	0	0	0	0	0
IN	A	25	INA25	41.88	115.92	IN	OLD	A	A	25	55	2	8	0	1	0	0	2	1	0	5	0	0	4	0	0	0	0	0	3	0	0	5	0	0	0	0	0	0	0	0	0	0	0	0	0	0
IN	A	26	INA26	32.81	111.69	IN	OLD	A	A	26	9	0	2	0	1	0	0	2	1	1	4	0	0	0	0	0	0	0	0	0	0	0	0	0	0	0	0	0	0	0	0	0	0	0	0	0	0
IN	A	27	INA27	22.7	121.8	IN	OLD	A	A	27	119	2	8	0	1	0	0	0	1	0	7	0	0	0	0	0	0	1	1	3	0	0	0	0	0	0	0	0	1	0	0	0	0	0	0	0	0
IN	A	28	INA28	40.8	107.14	IN	OLD	A	A	28	14	6	1	0	1	0	0	0	0	0	9	0	0	2	0	0	0	0	0	0	0	0	0	0	0	0	0	0	0	0	0	0	0	0	0	0	0
IN	A	29	INA29	39.38	97.94	IN	OLD	A	A	29	44	1	15	0	45	3	3	93	5	4	4	0	0	1	0	0	0	1	1	4	0	0	0	0	0	0	0	0	12	0	0	0	0	0	0	0	0
IN	A	30	INA30	42.29	95.5	IN	OLD	A	A	30	109	10	3	0	2	0	0	4	0	0	0	0	0	0	0	0	0	0	0	0	0	0	0	0	0	0	0	0	1	0	0	0	0	0	1	0	0
IN	A	31	INA31	28.43	80.42	IN	OLD	A	A	31	28	11	3	0	2	1	1	1	5	4	3	0	0	3	0	0	0	0	0	0	0	0	0	0	0	0	0	0	0	0	0	0	0	0	1	0	0
IN	A	32	INA32	16.28	56.89	IN	OLD	A	A	32	11	8	0	0	0	1	1	0	0	0	0	0	0	6	0	0	0	0	0	0	0	0	0	0	0	0	0	0	0	0	0	0	0	0	1	0	0
IN	A	33	INA33	-5.15	15.77	IN	OLD	A	A	33	7	1	1	0	3	1	1	6	1	1	0	0	0	21	1	1	0	1	1	13	0	0	13	0	0	0	0	0	0	0	0	0	0	0	2	0	0
IN	A	34	INA34	-59.99	-16.37	IN	OLD	A	A	34	1	1	4	0	0	0	0	2	7	6	0	0	0	2	0	0	0	0	0	0	0	0	0	0	0	0	0	0	0	0	0	0	0	0	0	0	0
IN	A	35	INA35	-64.22	-7.06	IN	OLD	A	A	35	11	0	11	0	2	0	0	8	5	1	1	0	0	1	0	0	0	1	0	1	0	0	0	0	0	1	0	0	1	0	0	0	0	0	0	0	0
IN	A	36	INA36	-64.22	7.64	IN	OLD	A	A	36	28	2	85	0	5	1	1	6	0	0	4	0	0	8	0	0	4	0	0	6	0	0	0	0	0	6	0	0	3	0	0	0	0	0	0	0	0
IN	A	37	INA37	-66.86	17.49	IN	OLD	A	A	37	28	0	315	0	22	5	1	7	1	0	2	0	0	10	0	0	0	0	0	3	0	0	0	0	0	9	0	0	6	0	0	1	0	0	0	0	0
IN	A	38	INA38	-88.16	10.51	IN	OLD	A	A	38	9	0	204	0	5	0	0	4	0	0	1	0	0	2	0	0	2	0	0	1	0	0	0	0	0	1	0	0	1	0	0	1	0	0	0	0	0
IN	A	39	INA39	-71.05	48.78	IN	OLD	A	A	39	30	0	854	0	14	0	0	6	0	0	0	0	0	5	0	0	4	0	0	8	0	0	0	0	0	0	0	0	5	0	0	0	0	0	0	0	0
IN	A	40	INA40	40.35	128.48	IN	OLD	A	A	40	49	1	424	0	6	0	0	5	0	0	8	0	0	9	0	0	1	0	0	5	0	0	1	0	0	1	0	0	4	0	0	1	0	0	0	0	0
IN	A	41	INA41	-56.02	-19.67	IN	OLD	A	A	41	0	1	0	0	0	0	0	4	10	0	0	0	0	0	0	0	0	0	0	0	1	0	0	1	0	0	0	0	0	0	0	0	0	0	0	0	0
IN	A	42	INA42	-62.47	-13.27	IN	OLD	A	A	42	9	3	3	0	0	0	0	11	1	0	0	0	0	0	0	0	0	0	0	0	0	0	0	0	0	0	0	0	2	0	0	0	0	0	0	0	0
IN	A	43	INA43	-59.19	-1.65	IN	OLD	A	A	43	2	0	1	0	0	0	0	2	0	0	0	0	0	102	1	0	0	0	0	4	0	0	0	0	0	21	0	0	3	0	0	0	0	0	0	0	0
IN	A	44	INA44	-71.3	7.02	IN	OLD	A	A	44	7	0	2	0	3	0	0	0	0	0	1	0	0	10	0	0	0	0	0	0	0	0	2	0	0	0	0	0	0	0	0	0	0	0	0	0	0
IN	A	45	INA45	-70.31	1.51	IN	OLD	A	A	45	3	0	0	0	0	0	0	0	0	0	1	0	0	4	0	0	0	0	0	4	0	0	0	0	0	0	0	0	0	0	0	0	0	0	0	0	0
IN	A	46	INA46	-67.42	13.18	IN	OLD	A	A	46	2	0	0	0	0	0	0	0	0	0	0	0	0	2	0	0	0	0	0	0	0	0	0	0	0	0	0	0	0	0	0	0	0	0	0	0	0
IN	A	47	INA47	-68.27	14.65	IN	OLD	A	A	47	0	0	4	0	0	0	0	0	1	0	0	0	0	0	0	0	0	0	0	0	0	0	0	0	0	0	0	0	0	0	0	0	0	0	0	0	0
IN	A	48	INA48	-74.38	15.73	IN	OLD	A	A	48	2	0	2	0	1	0	0	0	3	0	0	0	0	0	0	0	0	0	0	1	0	0	0	0	0	0	0	0	0	0	0	0	0	0	0	0	0
IN	A	49	INA49	-50.87	20.5	IN	OLD	A	A	49	4	0	3	0	0	0	0	0	0	0	0	0	0	2	0	0	7	0	0	0	0	0	0	0	0	9	0	0	0	0	0	0	0	0	0	0	0
IN	A	50	INA50	14.93	104.48	IN	OLD	A	A	50	7	0	4	0	1	0	0	2	0	0	2	0	0	1	0	0	6	0	0	0	0	0	0	0	0	52	0	0	0	0	0	1	0	0	0	0	0
IN	A	51	INA51	-71.47	-11.77	IN	OLD	A	A	51	41	3	4	0	7	0	0	5	1	0	1	0	0	0	0	0	0	1	0	1	0	0	0	0	0	0	0	0	0	0	0	0	0	0	0	0	0
IN	A	52	INA52	-74.77	-12.02	IN	OLD	A	A	52	98	17	4	0	0	0	0	1	0	0	0	0	0	0	0	0	0	1	0	0	0	0	0	0	0	1	0	0	1	0	0	0	0	0	0	0	0
IN	A	53	INA53	-22.45	20.53	IN	OLD	A	A	53	25	1	0	0	0	0	0	0	0	0	0	0	0	3	0	0	0	0	0	0	0	0	4	0	0	0	0	0	0	0	0	0	0	0	0	0	0
IN	A	68	INA68	-42.43	233.21	IN	OLD	A	A	68	1	0	0	0	1	1	1	0	0	0	5	0	0	0	0	0	0	0	0	0	0	0	1	0	0	0	0	0	0	0	0	0	0	0	0	0	0
IN	A	69	INA69	-44.03	240.71	IN	OLD	A	A	69	2	1	0	0	1	5	3	0	0	0	11	0	0	1	0	0	0	0	0	0	0	0	0	0	0	0	0	0	0	0	0	0	0	0	0	0	0
IN	A	70	INA70	-123.87	183.58	IN	OLD	A	A	70	0	0	0	0	2	0	0	0	0	0	4	0	0	1	0	0	0	0	0	0	0	0	0	0	0	0	0	0	0	0	0	0	0	0	0	0	0
IN	A	79	INA79	-60.02	145.26	IN	OLD	A	A	79	1	0	0	0	3	0	0	0	0	0	6	0	0	2	0	0	0	0	0	0	0	0	0	0	0	2	0	0	0	0	0	0	0	0	0	0	0
IN	A	80	INA80	-65.1	70.99	IN	OLD	A	A	80	13	0	249	0	2	1	1	5	0	0	7	0	0	4	0	0	1	1	0	0	0	0	0	0	0	0	0	0	0	0	0	0	0	0	1	0	0
IN	A	54a	INA54a	-19.33	25.42	IN	OLD	A	A	54a	9	2	0	0	3	0	0	0	0	0	2	0	0	6	0	0	0	0	0	0	0	0	2	0	0	0	0	0	2	0	0	0	0	0	0	0	0
IN	B	1	INB1	77.83	161.18	IN	OLD	B	B	1	2	0	0	0	4	0	0	0	0	0	1	0	0	0	0	0	0	0	0	0	0	0	0	0	0	0	0	0	0	0	0	0	0	0	0	0	0
IN	B	2	INB2	62.12	165.34	IN	OLD	B	B	2	2	0	0	0	0	0	0	0	0	0	6	0	0	2	0	0	0	0	0	0	0	0	0	0	0	0	0	0	1	0	0	0	0	0	0	0	0
IN	B	3	INB3	49.8	179.09	IN	OLD	B	B	3	4	0	0	0	0	0	0	0	0	0	20	0	0	0	0	0	0	0	0	0	0	0	0	0	0	0	0	0	0	0	0	0	0	0	0	0	0
IN	B	4	INB4	9.85	163.87	IN	OLD	B	B	4	1	0	0	0	0	0	0	0	0	0	17	0	0	0	0	0	0	0	0	0	0	0	0	0	0	0	0	0	0	0	0	0	0	0	0	0	0
IN	B	5	INB5	-3.3	175.99	IN	OLD	B	B	5	1	0	0	0	0	0	0	0	0	0	6	0	0	0	0	0	0	0	0	0	0	0	0	0	0	0	0	0	0	0	0	1	0	0	0	0	0
IN	B	6	INB6	-24.93	192.28	IN	OLD	B	B	6	1	0	0	0	1	1	1	0	0	0	8	0	0	0	0	0	0	0	0	1	0	0	0	0	0	0	0	0	9	0	0	0	0	0	0	0	0
IN	B	7	INB7	-63.42	209.06	IN	OLD	B	B	7	0	0	0	0	0	0	0	0	0	0	9	0	0	0	0	0	0	0	0	0	0	0	0	0	0	0	0	0	0	0	0	0	0	0	0	0	0
IN	B	8	INB8	-58.06	169.88	IN	OLD	B	B	8	2	0	0	0	0	0	0	0	0	0	6	0	0	0	0	0	0	0	0	0	0	0	0	0	0	0	0	0	0	0	0	0	0	0	0	0	0
IN	B	9	INB9	-55.85	146.31	IN	OLD	B	B	9	0	0	0	0	0	0	0	0	0	0	4	0	0	0	0	0	0	0	0	0	0	0	0	0	0	0	0	0	0	0	0	0	0	0	0	0	0
IN	B	10	INB10	-88.12	139.7	IN	OLD	B	B	10	0	0	0	0	0	0	0	0	0	0	9	0	0	0	0	0	0	0	0	0	0	0	0	0	0	0	0	0	0	0	0	0	0	0	0	0	0
IN	B	11	INB11	-46.83	154.01	IN	OLD	B	B	11	1	0	0	0	0	0	0	0	0	0	3	0	0	0	0	0	0	0	0	0	0	0	0	0	0	0	0	0	0	0	0	0	0	0	0	0	0
IN	B	12	INB12	-66.09	163.47	IN	OLD	B	B	12	0	0	0	0	1	0	0	0	0	0	9	0	0	0	0	0	0	0	0	1	0	0	0	0	0	0	0	0	0	0	0	0	0	0	0	0	0
IN	B	13	INB13	-76.29	147.82	IN	OLD	B	B	13	0	0	0	0	0	0	0	0	0	0	14	0	0	0	0	0	0	0	0	0	0	0	0	0	0	0	0	0	0	0	0	1	0	0	0	0	0
IN	B	14	INB14	-95.77	124.21	IN	OLD	B	B	14	0	0	0	0	0	0	0	0	0	0	11	0	0	0	0	0	0	0	0	0	0	0	0	0	0	0	0	0	0	0	0	2	0	0	0	0	0
IN	B	15	INB15	-98.06	124.31	IN	OLD	B	B	15	0	0	0	0	1	0	0	0	0	0	13	0	0	0	0	0	0	0	0	0	0	0	0	0	0	0	0	0	0	0	0	1	0	0	0	0	0
IN	B	16	INB16	-3.49	9.58	IN	OLD	B	B	16	1	0	0	0	29	0	0	1	0	0	0	0	0	14	0	0	0	0	0	0	0	0	0	1	1	0	0	0	2	0	0	0	0	0	0	0	0
IN	B	17	INB17	9.13	59.23	IN	OLD	B	B	17	22	0	0	0	2	0	0	0	0	0	0	0	0	4	0	0	0	0	0	0	0	0	0	0	0	0	0	0	0	0	0	0	0	0	20	0	0
IN	B	18	INB18	7.75	59.47	IN	OLD	B	B	18	49	0	4	0	7	0	0	0	0	0	1	0	0	2	0	0	2	0	0	0	0	0	0	0	0	0	0	0	0	0	0	0	0	0	1	0	0
IN	B	19	INB19	64.03	161.85	IN	OLD	B	B	19	4	1	0	0	2	4	2	0	0	0	1	0	0	0	1	0	0	0	0	0	0	0	0	1	0	0	0	0	0	0	0	0	0	0	0	2	0
IN	B	20	INB20	79.75	178.48	IN	OLD	B	B	20	0	0	0	0	26	0	0	0	0	0	1	0	0	0	0	0	0	0	0	0	0	0	0	0	0	0	0	0	0	0	0	0	0	0	0	0	0
IN	B	21	INB21	5.37	175.82	IN	OLD	B	B	21	1	0	0	0	2	7	7	0	0	0	15	0	0	0	0	0	0	0	0	0	0	0	0	0	0	0	0	0	0	0	0	0	0	0	0	0	0
IN	B	22	INB22	-19.74	177.2	IN	OLD	B	B	22	1	3	0	0	41	5	4	0	0	0	2	0	0	0	0	0	0	0	0	0	0	0	0	0	0	0	0	0	0	0	0	0	0	0	2	0	0
IN	B	23	INB23	-22.25	174.77	IN	OLD	B	B	23	4	2	0	0	12	31	31	0	0	0	3	0	0	0	0	0	0	0	0	0	0	0	0	0	0	0	0	0	0	0	0	0	0	0	0	0	0
IN	B	24	INB24	-26.72	170.07	IN	OLD	B	B	24	2	1	1	0	12	8	8	0	0	0	8	0	0	0	0	0	1	0	0	0	0	0	0	0	0	0	0	0	0	0	0	0	0	0	0	0	0
IN	B	25	INB25	-75.62	172.28	IN	OLD	B	B	25	6	0	0	0	1	0	0	0	0	0	0	0	0	0	0	0	0	0	0	0	0	0	0	0	0	0	0	0	0	0	0	0	0	0	0	0	0
IN	B	26	INB26	-66.75	140.34	IN	OLD	B	B	26	0	0	0	0	3	3	0	0	0	0	18	0	0	1	0	0	0	0	0	0	0	0	0	0	0	0	0	0	0	0	0	0	0	0	0	0	0
IN	B	27	INB27	-76.3	133.11	IN	OLD	B	B	27	1	0	0	0	5	0	0	0	0	0	8	0	0	0	0	0	0	0	0	0	0	0	0	0	0	0	0	0	0	0	0	0	0	0	0	0	0
IN	B	28	INB28	-89.1	125.9	IN	OLD	B	B	28	0	0	0	0	6	1	1	0	0	0	9	0	0	0	0	0	0	0	0	0	0	0	0	0	0	0	0	0	1	0	0	0	0	0	0	0	0
IN	B	29	INB29	-125.21	110.54	IN	OLD	B	B	29	0	0	0	0	13	29	29	0	0	0	5	0	0	0	0	0	0	0	0	0	2	2	0	0	0	0	0	0	0	0	0	1	0	0	0	0	0
IN	B	30	INB30	-128.5	132.88	IN	OLD	B	B	30	0	0	0	0	200	0	0	0	0	0	9	0	0	0	0	0	0	0	0	0	0	0	0	0	0	0	0	0	0	0	0	0	0	0	0	0	0
IN	B	31	INB31	-24.62	8.96	IN	OLD	B	B	31	3	0	0	0	1	0	0	0	0	0	0	0	0	260	0	0	0	0	0	0	0	0	0	0	0	0	0	0	0	0	0	0	0	0	0	0	0
IN	B	32	INB32	-13.78	6.42	IN	OLD	B	B	32	6	1	1	0	1	0	0	0	0	0	0	0	0	29	0	0	0	0	0	0	0	0	0	0	0	0	0	0	0	0	0	0	0	0	2	0	0
IN	B	33	INB33	-12.58	14.83	IN	OLD	B	B	33	2	0	0	0	0	0	0	0	0	0	0	0	0	7	0	0	0	0	0	0	0	0	0	0	0	0	0	0	0	0	0	0	0	0	0	0	0
IN	B	34	INB34	-2.12	25.27	IN	OLD	B	B	34	6	0	0	0	1	2	2	0	0	0	1	0	0	6	0	0	0	0	0	2	1	0	1	0	0	0	0	0	0	0	0	0	0	0	2	0	0
IN	B	35	INB35	0.65	28.57	IN	OLD	B	B	35	7	0	1	0	2	1	1	2	0	0	1	0	0	234	0	0	0	0	0	0	0	0	0	0	0	0	0	0	1	0	0	0	0	0	7	0	0
IN	B	36	INB36	1.08	30.82	IN	OLD	B	B	36	0	0	0	0	0	0	0	0	0	0	0	0	0	139	0	0	0	0	0	0	0	0	0	0	0	0	0	0	0	0	0	0	0	0	4	0	0
IN	B	37	INB37	12.11	60.2	IN	OLD	B	B	37	6	0	0	0	0	0	0	0	0	0	0	0	0	71	0	0	0	0	0	0	0	0	0	0	0	0	0	0	0	0	0	0	0	0	0	0	0
IN	B	38	INB38	59.04	137.3	IN	OLD	B	B	38	1	0	0	0	0	0	0	0	0	0	2	0	0	50	0	0	0	0	0	0	0	0	0	0	0	0	0	0	0	0	0	0	0	0	0	0	0
IN	B	39	INB39	73.62	178.24	IN	OLD	B	B	39	5	0	0	0	2	0	0	0	0	0	1	0	0	183	1	0	0	0	0	0	0	0	0	0	0	0	0	0	0	0	0	0	0	0	0	0	0
IN	B	40	INB40	71.65	187.86	IN	OLD	B	B	40	1	0	0	0	0	0	0	0	0	0	1	0	0	128	0	0	0	0	0	0	0	0	0	0	0	0	0	0	0	0	0	0	0	0	1	0	0
IN	B	74	INB74	56.62	135.9	IN	OLD	B	B	74	2	0	0	0	0	0	0	0	0	0	0	0	0	123	0	0	0	0	0	0	0	0	0	0	0	0	0	0	0	0	0	0	0	0	0	0	0
IN	B	75	INB75	-3.63	31.14	IN	OLD	B	B	75	4	0	0	0	0	0	0	0	0	0	0	0	0	375	0	0	0	0	0	0	0	0	0	0	0	0	0	0	0	0	0	0	0	0	2	0	0
IN	B	76	INB76	-8	27.42	IN	OLD	B	B	76	5	0	0	0	0	0	0	0	0	0	0	0	0	206	0	0	0	0	0	0	0	0	1	0	0	0	0	0	2	0	0	0	0	0	0	0	0
IN	B	77	INB77	-9.43	25.42	IN	OLD	B	B	77	3	0	0	0	0	0	0	0	0	0	0	0	0	117	0	0	0	0	0	0	0	0	0	0	0	0	0	0	0	0	0	0	0	0	0	0	0
IN	B	78	INB78	-31.48	11.46	IN	OLD	B	B	78	2	0	0	0	0	0	0	0	0	0	0	0	0	4	0	0	0	0	0	0	0	0	0	0	0	0	0	0	0	0	0	0	0	0	0	0	0
IN	B	79	INB79	-65.18	3.9	IN	OLD	B	B	79	0	0	0	0	0	0	0	0	0	0	0	0	0	33	0	0	0	0	0	0	0	0	0	0	0	0	0	0	0	0	0	1	0	0	0	0	0
IN	B	80	INB80	-65.44	-2.52	IN	OLD	B	B	80	0	1	0	0	0	0	0	0	0	0	1	0	0	14	0	0	0	1	0	0	0	0	1	0	0	0	0	0	0	0	0	0	0	0	0	0	0
IN	N	1	INN1	-2.17	164.39	IN	OLD	N	N	1	2	1	2	0	1	1	1	0	1	0	2	0	0	0	0	0	0	0	0	0	0	0	0	0	0	0	0	0	0	0	0	0	0	0	0	0	0
IN	N	2	INN2	-7.71	161.39	IN	OLD	N	N	2	4	1	0	0	0	0	0	0	0	0	4	0	0	0	0	0	0	0	0	0	0	0	0	0	0	0	0	0	0	0	0	4	0	0	0	0	0
IN	N	3	INN3	-31.77	151.62	IN	OLD	N	N	3	7	0	0	0	0	0	0	0	0	0	3	0	0	0	0	0	0	0	0	0	0	0	0	0	0	0	0	0	0	0	0	0	0	0	0	0	0
IN	N	4	INN4	-42.25	150.67	IN	OLD	N	N	4	6	0	0	0	0	0	0	0	1	0	0	0	0	0	0	0	0	0	0	0	3	1	0	0	0	0	0	0	0	0	0	0	0	0	0	0	0
IN	N	5	INN5	-49.72	172.18	IN	OLD	N	N	5	9	0	0	0	0	0	0	1	0	0	3	0	0	0	0	0	0	0	0	1	0	0	0	0	0	0	0	0	0	0	0	0	0	0	0	0	0
IN	N	6	INN6	-68.29	181.17	IN	OLD	N	N	6	0	0	0	0	1	0	0	0	0	0	31	0	0	0	0	0	0	0	0	0	0	0	0	0	0	0	0	0	0	0	0	0	0	0	0	0	0
IN	N	7	INN7	-71.28	178.03	IN	OLD	N	N	7	2	0	0	0	0	0	0	0	0	0	3	0	0	0	0	0	0	0	0	0	0	0	0	0	0	0	0	0	0	0	0	1	0	0	0	0	0
IN	N	8	INN8	-78.58	165.69	IN	OLD	N	N	8	1	0	0	0	0	0	0	0	0	0	4	0	0	0	0	0	0	0	0	4	0	0	0	0	0	0	0	0	0	0	0	1	0	0	0	0	0
IN	N	9	INN9	-84.66	168.52	IN	OLD	N	N	9	0	0	0	0	0	0	0	0	0	0	20	0	0	0	0	0	0	0	0	0	0	0	0	0	0	0	0	0	0	0	0	0	0	0	0	0	0
IN	N	10	INN10	-106.28	208.78	IN	OLD	N	N	10	0	0	0	0	0	0	0	0	0	0	16	0	0	0	0	0	0	0	0	16	0	0	0	0	0	0	0	0	2	0	0	0	0	0	0	0	0
IN	N	11	INN11	-107.15	198.92	IN	OLD	N	N	11	0	1	0	0	0	0	0	0	0	0	0	0	0	0	0	0	0	0	0	0	0	0	0	0	0	0	0	0	0	0	0	0	0	0	0	0	0
IN	N	12	INN12	-93.58	186.79	IN	OLD	N	N	12	0	0	0	0	1	0	0	0	0	0	12	0	0	0	0	0	0	0	0	0	0	0	0	0	0	0	0	0	1	0	0	0	0	0	0	0	0
IN	N	13	INN13	-121.25	172.12	IN	OLD	N	N	13	0	0	0	0	0	0	0	0	0	0	3	0	0	0	0	0	0	0	0	0	0	0	0	0	0	0	0	0	0	0	0	0	0	0	0	0	0
IN	N	14	INN14	-134.6	151.35	IN	OLD	N	N	14	1	0	0	0	0	0	0	0	0	0	4	0	0	0	0	0	0	0	0	0	0	0	0	0	0	0	0	0	0	0	0	5	0	0	0	0	0
IN	N	15	INN15	-138.48	144.65	IN	OLD	N	N	15	2	1	0	0	0	0	0	0	0	0	22	0	0	0	0	0	0	0	0	0	0	0	0	0	0	0	0	0	0	0	0	0	0	0	0	0	0
IN	N	16	INN16	-140.12	132.79	IN	OLD	N	N	16	1	0	3	0	2	1	1	0	0	0	8	0	0	0	0	0	0	0	0	0	0	0	0	0	0	0	0	0	1	0	0	0	0	0	1	0	0
IN	N	17	INN17	-104.72	111.81	IN	OLD	N	N	17	1	0	0	0	0	1	1	0	0	0	3	0	0	0	0	0	0	0	0	0	0	0	0	0	0	0	0	0	0	0	0	76	0	0	0	0	0
IN	N	18	INN18	-97.2	114.55	IN	OLD	N	N	18	1	0	0	0	1	0	0	0	0	0	4	0	0	0	0	0	0	0	0	0	0	0	0	0	0	0	0	0	0	0	0	1	0	0	0	0	0
IN	N	19	INN19	-88.08	105.43	IN	OLD	N	N	19	0	0	0	0	3	0	0	0	0	0	2	0	0	0	0	0	0	0	0	0	0	0	0	0	0	0	0	0	0	0	0	268	0	0	0	0	0
IN	N	20	INN20	-83.76	113.37	IN	OLD	N	N	20	4	0	0	0	3	1	0	0	0	0	4	0	0	0	0	0	0	0	0	0	0	0	0	0	0	0	0	0	0	0	0	8	0	0	1	0	0
IN	N	21	INN21	-54.37	108.25	IN	OLD	N	N	21	0	1	0	0	1	0	0	0	0	0	3	0	0	0	0	0	0	0	0	0	0	0	0	0	0	0	0	0	0	0	0	1	1	0	0	0	0
IN	N	22	INN22	-53.81	123.63	IN	OLD	N	N	22	4	0	2	0	2	0	0	0	0	0	1	0	0	0	0	0	0	0	0	0	0	0	0	0	0	0	0	0	0	0	0	33	0	0	0	0	0
IN	N	23	INN23	-26.62	132.57	IN	OLD	N	N	23	1	0	0	0	0	1	0	0	0	0	2	0	0	0	0	0	0	0	0	0	0	0	0	0	0	0	0	0	0	0	0	0	0	0	0	0	0
IN	N	24	INN24	-20.34	127.3	IN	OLD	N	N	24	6	1	2	0	0	0	0	0	0	0	11	0	0	0	0	0	0	0	0	0	0	0	0	0	0	0	0	0	0	0	0	5	0	0	0	0	0
IN	N	25	INN25	-25.33	136.27	IN	OLD	N	N	25	4	0	2	0	0	0	0	1	0	0	0	0	0	0	0	0	0	0	0	0	0	0	0	0	0	0	0	0	1	0	0	0	0	0	0	0	0
IN	N	26	INN26	56.18	190.25	IN	OLD	N	N	26	2	0	0	0	0	0	0	2	0	0	1	0	0	0	0	0	0	0	0	2	0	0	0	0	0	2	0	0	5	0	0	0	0	0	0	0	0
IN	N	27	INN27	51.42	126.31	IN	OLD	N	N	27	9	0	0	0	0	0	0	0	0	0	4	0	0	0	0	0	0	0	0	0	0	0	0	0	0	0	0	0	0	0	0	0	0	0	0	0	0
IN	N	28	INN28	37.62	91.38	IN	OLD	N	N	28	10	3	0	0	0	0	0	0	0	0	1	0	0	0	0	0	0	0	0	0	0	0	0	0	0	0	0	0	0	0	0	0	0	0	0	0	0
IN	N	29	INN29	6.44	33.83	IN	OLD	N	N	29	17	0	1	0	1	0	0	2	0	0	0	0	0	0	0	0	1	0	0	2	0	0	0	0	0	0	0	0	1	0	0	0	0	0	0	0	0
IN	N	30	INN30	-45.28	-11.54	IN	OLD	N	N	30	8	0	0	0	1	3	3	0	0	0	0	0	0	3	0	0	3	0	0	0	0	0	0	0	0	0	0	0	0	0	0	0	0	0	0	0	0
IN	N	31	INN31	-42.78	-4.68	IN	OLD	N	N	31	17	0	1	0	2	0	0	0	0	0	1	0	0	1	0	0	4	0	0	0	0	0	0	0	0	3	0	0	2	0	0	0	0	0	0	0	0
IN	N	32	INN32	-57.94	-8.74	IN	OLD	N	N	32	3	0	1	0	2	0	0	0	0	0	1	0	0	0	0	0	0	0	0	0	0	0	0	0	0	0	0	0	1	0	0	0	0	0	0	0	0
IN	N	33	INN33	-55.38	-1.7	IN	OLD	N	N	33	8	0	5	0	2	0	0	3	0	0	1	0	0	3	0	0	0	0	0	0	0	0	0	0	0	0	0	0	1	0	0	0	0	0	0	0	0
IN	N	34	INN34	-52.5	-16.53	IN	OLD	N	N	34	3	0	31	0	0	0	0	5	0	0	0	0	0	1	0	0	0	0	0	2	0	0	0	0	0	4	0	0	4	0	0	0	0	0	0	0	0
IN	N	35	INN35	-69.11	-5.28	IN	OLD	N	N	35	10	0	1	0	1	0	0	0	0	0	0	0	0	4	0	0	1	0	0	0	0	0	0	0	0	0	0	0	0	0	0	0	0	0	2	0	0
IN	N	36	INN36	-65.88	-0.88	IN	OLD	N	N	36	9	2	6	0	7	0	0	0	0	0	1	0	0	7	0	0	2	0	0	0	0	0	0	0	0	0	0	0	0	0	0	0	0	0	1	0	0
IN	N	37	INN37	-62.19	31.82	IN	OLD	N	N	37	2	3	5	0	2	0	0	0	0	0	0	0	0	0	0	0	0	0	0	0	0	0	0	0	0	0	0	0	0	0	0	37	0	0	0	0	0
IN	N	38	INN38	-81.78	28.78	IN	OLD	N	N	38	1	0	4	0	0	0	0	0	0	0	0	0	0	0	0	0	0	0	0	0	0	0	0	0	0	0	0	0	2	0	0	2	0	0	0	0	0
IN	N	39	INN39	-93.11	24.2	IN	OLD	N	N	39	0	0	0	0	1	0	0	0	0	0	1	0	0	0	0	0	1	0	0	0	0	0	0	0	0	0	0	0	0	0	0	2	1	1	0	0	0
IN	N	40	INN40	-74.09	42.25	IN	OLD	N	N	40	4	0	1	4	3	4	4	0	0	0	0	0	0	0	0	0	0	2	1	0	1	1	0	0	0	0	0	0	0	0	0	1	0	0	0	0	0
IN	N	41	INN41	11.99	227.92	IN	OLD	N	N	41	4	0	0	0	0	0	0	0	0	0	7	0	0	0	0	0	0	0	0	0	0	0	0	0	0	0	0	0	0	0	0	0	0	0	0	0	0
IN	N	42	INN42	30.2	198.35	IN	OLD	N	N	42	4	0	0	0	0	1	1	0	0	0	6	0	0	0	0	0	0	0	0	0	0	0	0	0	0	0	0	0	0	0	0	0	1	0	0	0	0
IN	N	43	INN43	43.25	195.48	IN	OLD	N	N	43	0	0	0	0	0	0	0	0	0	0	4	0	0	0	0	0	0	0	0	0	0	0	0	0	0	0	0	0	0	0	0	2	0	0	0	0	0
IN	N	44	INN44	52.95	187.9	IN	OLD	N	N	44	2	1	0	0	0	0	0	0	0	0	2	0	0	0	0	0	0	0	0	0	0	0	0	0	0	0	0	0	0	0	0	0	0	0	0	0	0
IN	N	45	INN45	52.6	190.39	IN	OLD	N	N	45	1	0	1	0	1	0	0	0	0	0	2	0	0	0	0	0	0	0	0	0	0	0	0	0	0	0	0	0	0	0	0	0	0	0	0	0	0
IN	N	46	INN46	0.89	162.85	IN	OLD	N	N	46	0	0	0	0	1	0	0	0	0	0	4	0	0	0	0	0	0	0	0	0	0	0	0	0	0	0	0	0	0	0	0	0	0	0	0	0	0
IN	N	47	INN47	-8.53	161.06	IN	OLD	N	N	47	13	2	1	0	0	1	1	0	0	0	2	0	0	0	0	0	0	0	0	4	0	0	0	0	0	1	0	0	0	0	0	8	0	0	1	0	0
IN	N	48	INN48	-31.5	148.83	IN	OLD	N	N	48	10	0	1	0	0	0	0	0	0	0	1	0	0	0	0	0	0	0	0	0	0	0	0	0	0	0	0	0	0	0	0	1	0	0	0	0	0
IN	N	49	INN49	-41.96	147.91	IN	OLD	N	N	49	3	0	2	0	0	0	0	0	0	0	1	0	0	0	0	0	0	0	0	0	0	0	0	0	0	0	0	0	0	0	0	0	0	0	0	0	0
IN	N	50	INN50	-52.76	106.33	IN	OLD	N	N	50	1	0	0	0	0	0	0	0	0	0	1	0	0	0	0	0	0	0	0	0	0	0	1	0	0	0	0	0	0	0	0	2	0	0	0	0	0
IN	N	51	INN51	-52.18	110.15	IN	OLD	N	N	51	0	2	0	0	0	0	0	0	0	0	0	0	0	0	0	0	0	0	0	0	0	0	0	0	0	0	0	0	0	0	0	2	0	0	0	0	0
IN	N	52	INN52	-52.12	111.88	IN	OLD	N	N	52	1	1	0	0	0	2	2	0	0	0	1	0	0	0	0	0	0	0	0	0	0	0	0	0	0	0	0	0	0	0	0	16	0	0	0	0	0
IN	N	53	INN53	-77.2	103	IN	OLD	N	N	53	0	0	1	0	0	0	0	0	0	0	1	0	0	0	0	0	0	0	0	0	0	0	0	0	0	0	0	0	0	0	0	1	0	0	0	0	0
IN	N	54	INN54	-85.08	110.14	IN	OLD	N	N	54	1	1	2	0	0	0	0	0	0	0	0	0	0	0	0	0	0	0	0	0	0	0	0	0	0	0	0	0	0	0	0	8	0	0	0	0	0
IN	N	55	INN55	-101.46	111.57	IN	OLD	N	N	55	3	0	1	0	0	0	0	0	0	0	2	0	0	0	0	0	0	0	0	0	0	0	0	0	0	0	0	0	0	0	0	36	0	0	0	0	0
IN	N	56	INN56	-143.03	135.24	IN	OLD	N	N	56	0	1	3	0	0	2	2	0	0	0	5	0	0	0	0	0	0	0	0	0	0	0	0	0	0	0	0	0	0	0	0	0	0	0	0	0	0
IN	N	57	INN57	-170.76	117.99	IN	OLD	N	N	57	0	0	3	0	0	0	0	0	0	0	9	0	0	1	0	0	0	0	0	0	0	0	0	0	0	0	0	0	0	0	0	0	0	0	0	0	0
IN	N	58	INN58	-122.51	143.96	IN	OLD	N	N	58	0	0	0	0	1	0	0	0	0	0	24	0	0	0	0	0	0	0	0	0	0	0	0	0	0	0	0	0	0	0	0	0	0	0	0	0	0
IN	N	59	INN59	-161.6	153.51	IN	OLD	N	N	59	0	0	0	0	0	0	0	0	0	0	31	0	0	0	0	0	0	0	0	0	0	0	0	0	0	0	0	0	0	0	0	0	0	0	0	0	0
IN	N	60	INN60	-162.16	155.89	IN	OLD	N	N	60	1	0	0	0	1	0	0	0	0	0	20	0	0	0	0	0	0	0	0	0	0	0	0	0	0	0	0	0	0	0	0	0	0	0	0	0	0
IN	N	61	INN61	10.18	228.76	IN	OLD	N	N	61	1	1	0	0	7	3	3	0	0	0	11	0	0	0	0	0	0	0	0	1	0	0	0	0	0	0	0	0	0	0	0	0	0	0	0	0	0
IN	N	62	INN62	-13.55	260.07	IN	OLD	N	N	62	1	0	0	0	0	0	0	0	0	0	15	0	0	0	0	0	0	0	0	3	0	0	0	0	0	1	0	0	1	0	0	0	0	0	0	0	0
IN	N	63	INN63	-15.18	261.69	IN	OLD	N	N	63	5	0	0	0	0	0	0	0	0	0	11	0	0	0	0	0	0	0	0	0	0	0	0	0	0	0	0	0	0	0	0	0	0	0	0	0	0
IN	N	64	INN64	-78.73	256.6	IN	OLD	N	N	64	1	0	0	0	0	0	0	0	0	0	18	0	0	0	0	0	0	0	0	0	0	0	0	0	0	0	0	0	0	0	0	0	0	0	0	0	0
IN	N	65	INN65	-78.73	242.6	IN	OLD	N	N	65	0	0	0	0	0	0	0	0	0	0	25	0	0	0	0	0	0	0	0	0	0	0	0	0	0	0	0	0	0	0	0	0	0	0	0	0	0
IN	N	66	INN66	-85.08	232.74	IN	OLD	N	N	66	0	0	0	0	0	0	0	0	0	0	2	0	0	0	0	0	0	0	0	0	0	0	0	0	0	0	0	0	0	0	0	0	0	0	0	0	0
IN	N	67	INN67	-92.59	241.71	IN	OLD	N	N	67	0	0	0	0	0	1	1	1	0	0	15	0	0	1	0	0	0	0	0	0	0	0	0	0	0	0	0	0	2	0	0	0	0	0	0	0	0
IN	N	68	INN68	-88.15	247	IN	OLD	N	N	68	0	0	0	0	0	0	0	0	0	0	1	0	0	0	0	0	0	0	0	0	0	0	0	0	0	0	0	0	1	0	0	0	0	0	0	0	0
IN	N	69	INN69	-83.17	219.56	IN	OLD	N	N	69	0	0	0	0	0	0	0	0	0	0	39	0	0	0	0	0	0	0	0	0	0	0	0	0	0	0	0	0	0	0	0	0	0	0	0	0	0
IN	N	70	INN70	-95.94	217.46	IN	OLD	N	N	70	0	0	0	0	0	0	0	0	0	0	9	0	0	0	0	0	0	0	0	1	0	0	0	0	0	0	0	0	0	0	0	0	0	0	0	0	0
IN	N	71	INN71	-99.52	223.29	IN	OLD	N	N	71	0	0	0	0	0	0	0	0	0	0	14	0	0	0	0	0	0	0	0	0	0	0	0	0	0	0	0	0	0	0	0	0	0	0	0	0	0
IN	N	72	INN72	-108.4	220.8	IN	OLD	N	N	72	0	0	0	0	0	0	0	0	0	0	15	0	0	0	0	0	0	0	0	0	3	0	0	0	0	0	0	0	0	0	0	0	0	0	1	0	0
IN	N	73	INN73	-101.84	199.27	IN	OLD	N	N	73	0	0	0	0	0	0	0	0	0	0	2	0	0	0	0	0	0	0	0	0	0	0	0	0	0	0	0	0	0	0	0	0	0	0	0	0	0
IN	N	74	INN74	-97.73	200.23	IN	OLD	N	N	74	0	0	0	0	0	0	0	0	0	0	29	0	0	0	0	0	0	0	0	0	0	0	0	0	0	0	0	0	0	0	0	0	0	0	0	0	0
IN	N	75	INN75	-100.41	196.19	IN	OLD	N	N	75	0	0	1	0	0	0	0	0	0	0	13	0	0	0	0	0	0	0	0	0	0	0	0	0	0	0	0	0	0	0	0	0	0	0	0	0	0
IN	N	76	INN76	-138.97	160.4	IN	OLD	N	N	76	2	0	1	0	0	0	0	0	0	0	10	0	0	0	0	0	0	0	0	0	0	0	0	0	0	0	0	0	0	0	0	0	0	0	0	0	0
IN	N	77	INN77	-153.58	165.09	IN	OLD	N	N	77	0	0	0	0	0	0	0	0	0	0	5	0	0	0	0	0	0	0	0	0	0	0	0	0	0	0	0	0	0	0	0	0	0	0	0	0	0
IN	N	78	INN78	-152.09	155.4	IN	OLD	N	N	78	0	0	0	0	0	0	0	0	0	0	12	0	0	0	0	0	0	0	0	0	0	0	0	0	0	0	0	0	0	0	0	0	0	0	0	0	0
IN	N	79	INN79	-150.2	148.83	IN	OLD	N	N	79	1	0	0	0	0	0	0	0	0	0	0	0	0	0	0	0	0	0	0	0	0	0	0	0	0	0	0	0	0	0	0	0	0	0	0	0	0
IN	N	80	INN80	-147.92	143.93	IN	OLD	N	N	80	0	0	0	0	1	0	0	0	0	0	20	0	0	0	0	0	0	0	0	1	0	0	0	0	0	0	0	0	0	0	0	0	0	0	1	0	0
IN	P	41	INP41	-29.57	130.22	IN	OLD	P	P	41	10	4	7	0	0	7	7	0	0	0	3	0	0	0	0	0	0	0	0	0	0	0	0	0	0	0	0	0	0	0	0	0	0	0	0	0	0
IN	P	42	INP42	-36.14	126.18	IN	OLD	P	P	42	4	1	1	0	1	0	0	0	0	0	1	0	0	0	0	0	0	0	0	0	0	0	0	1	0	0	0	0	0	0	0	0	0	0	0	0	0
IN	P	43	INP43	-42.45	117.17	IN	OLD	P	P	43	10	1	3	0	1	5	2	1	0	0	15	0	0	0	0	0	1	0	0	1	0	0	0	0	0	0	0	0	0	0	0	0	0	0	0	0	0
IN	P	44	INP44	-46.87	118.23	IN	OLD	P	P	44	9	5	0	0	0	0	0	0	0	0	4	0	0	0	0	0	0	0	0	0	0	0	0	0	0	0	0	0	0	0	0	0	5	0	0	0	0
IN	P	45	INP45	-49.94	134.32	IN	OLD	P	P	45	10	8	1	0	3	0	0	0	0	0	8	0	0	0	0	0	0	0	0	0	0	0	0	0	0	0	0	0	1	0	0	2	0	0	0	0	0
IN	P	46	INP46	-67.74	133.76	IN	OLD	P	P	46	12	5	6	0	2	0	0	0	0	0	18	0	0	0	0	0	0	0	0	3	0	0	0	0	0	0	0	0	2	0	0	1	0	0	0	0	0
IN	P	47	INP47	-69.87	158.07	IN	OLD	P	P	47	0	0	0	0	0	0	0	0	0	0	18	0	0	0	0	0	0	0	0	0	0	0	0	0	0	0	0	0	0	0	0	0	0	0	0	0	0
IN	P	48	INP48	-83.06	152.95	IN	OLD	P	P	48	5	1	1	0	3	0	0	0	0	0	17	0	0	1	0	0	0	0	0	7	0	0	0	1	0	0	0	0	4	0	0	0	0	0	0	0	0
IN	P	49	INP49	-100.3	149.92	IN	OLD	P	P	49	3	2	0	0	1	0	0	0	0	0	17	0	0	0	0	0	0	0	0	1	0	0	0	0	0	0	0	0	0	0	0	0	0	0	0	0	0
IN	P	50	INP50	-92.72	172.28	IN	OLD	P	P	50	10	0	0	0	0	0	0	0	0	0	45	0	0	0	0	0	0	0	0	0	0	0	0	0	0	0	0	0	1	0	0	0	0	0	0	0	0
IN	P	51	INP51	-105.54	120.17	IN	OLD	P	P	51	16	3	11	0	3	0	0	0	0	0	14	0	0	0	0	0	0	0	0	0	0	0	0	0	0	2	0	0	2	0	0	2	0	0	0	0	0
IN	P	52	INP52	-122.03	102.41	IN	OLD	P	P	52	0	0	3	0	0	0	0	0	0	0	4	0	0	0	0	0	0	0	0	0	0	0	0	0	0	0	0	0	0	0	0	0	0	0	0	0	0
IN	P	53	INP53	-135.47	107.3	IN	OLD	P	P	53	19	3	23	0	1	0	0	1	0	0	9	0	0	0	0	0	0	0	0	0	1	0	0	2	0	1	0	0	1	0	0	0	0	0	0	0	0
IN	P	54	INP54	-136.43	103.67	IN	OLD	P	P	54	4	0	9	0	0	0	0	1	0	0	17	0	0	0	0	0	0	0	0	0	0	0	0	0	0	0	0	0	0	0	0	1	0	0	0	0	0
IN	P	55	INP55	-139.81	97.65	IN	OLD	P	P	55	1	0	4	0	0	0	0	0	0	0	16	0	0	0	0	0	0	0	0	0	0	0	0	0	0	0	0	0	0	0	0	0	0	0	0	0	0
IN	P	56	INP56	-142.69	139.73	IN	OLD	P	P	56	0	0	2	0	0	0	0	2	0	0	20	0	0	0	0	0	0	0	0	8	0	0	0	0	0	0	0	0	1	0	0	0	0	0	0	0	0
IN	P	57	INP57	-124.2	150.39	IN	OLD	P	P	57	2	0	1	0	0	0	0	0	0	0	2	0	0	0	0	0	0	0	0	0	0	0	0	0	0	0	0	0	0	0	0	0	0	0	0	0	0
IN	P	58	INP58	-128.08	168.44	IN	OLD	P	P	58	2	1	7	0	0	0	0	0	0	0	0	0	0	0	0	0	0	0	0	0	0	0	0	0	0	0	0	0	0	0	0	0	0	0	0	0	0
IN	P	59	INP59	-142.22	160.97	IN	OLD	P	P	59	10	0	2	0	0	0	0	0	0	0	1	0	0	0	0	0	0	0	0	0	0	0	0	0	0	0	0	0	1	0	0	0	0	0	0	0	0
IN	P	60	INP60	-140.51	182.71	IN	OLD	P	P	60	2	0	2	0	0	0	0	0	0	0	12	0	0	0	0	0	0	0	0	0	0	0	0	0	0	0	0	0	0	0	0	0	0	0	0	0	0
IN	P	61	INP61	-30.89	179.41	IN	OLD	P	P	61	5	1	0	0	0	1	1	0	0	0	8	0	0	0	0	0	0	0	0	0	0	0	0	0	0	0	0	0	0	0	0	0	0	0	0	0	0
IN	P	62	INP62	-32.73	172.55	IN	OLD	P	P	62	3	4	0	0	1	0	0	1	0	0	6	0	0	0	0	0	0	0	0	0	0	0	0	0	0	0	0	0	0	0	0	0	0	0	0	0	0
IN	P	63	INP63	-42.05	180.38	IN	OLD	P	P	63	3	3	1	0	0	0	0	1	0	0	2	0	0	0	0	0	0	0	0	0	0	0	0	0	0	0	0	0	0	0	0	0	0	0	0	0	0
IN	P	64	INP64	-55.94	202.01	IN	OLD	P	P	64	0	0	0	0	0	0	0	1	0	0	11	0	0	0	0	0	0	0	0	0	0	0	0	0	0	0	0	0	0	0	0	0	0	0	0	0	0
IN	P	65	INP65	-53.06	186.13	IN	OLD	P	P	65	12	5	2	0	1	1	0	0	1	1	18	0	0	1	0	0	0	0	0	9	0	0	0	0	0	5	0	0	2	0	0	0	0	0	0	0	0
IN	P	66	INP66	-74.68	196.28	IN	OLD	P	P	66	3	0	0	0	0	0	0	0	0	0	61	0	0	0	0	0	0	0	0	0	0	0	0	0	0	0	0	0	0	0	0	0	0	0	0	0	0
IN	P	67	INP67	-73.72	199.63	IN	OLD	P	P	67	0	0	0	0	1	0	0	0	0	0	39	0	0	0	0	0	0	0	0	1	0	0	0	0	0	0	0	0	0	0	0	0	0	0	0	0	0
IN	P	68	INP68	-62.85	204.36	IN	OLD	P	P	68	0	0	0	0	0	0	0	0	0	0	12	0	0	0	0	0	0	0	0	1	0	0	0	0	0	0	0	0	0	0	0	0	0	0	0	0	0
IN	P	69	INP69	-76.2	213.71	IN	OLD	P	P	69	1	1	1	0	2	0	0	0	0	0	24	0	0	0	0	0	0	0	0	0	0	0	0	0	0	0	0	0	0	0	0	0	0	0	0	0	0
IN	P	70	INP70	-82.87	211.93	IN	OLD	P	P	70	1	0	1	0	0	0	0	0	0	0	18	0	0	0	0	0	0	0	0	0	0	0	0	0	0	0	0	0	2	0	0	0	0	0	0	0	0
IN	P	71	INP71	20.02	171.16	IN	OLD	P	P	71	14	4	2	0	1	2	1	0	0	0	12	0	0	0	0	0	0	0	0	0	0	0	0	0	0	0	0	0	0	0	0	0	0	0	0	0	0
IN	P	72	INP72	19.39	178.35	IN	OLD	P	P	72	4	8	0	0	0	0	0	1	0	0	18	0	0	1	0	0	0	1	0	1	0	0	0	0	0	0	0	0	0	0	0	0	0	0	0	0	0
IN	P	73	INP73	20.06	164.82	IN	OLD	P	P	73	19	1	0	0	0	0	0	0	0	0	5	0	0	0	0	0	0	0	0	0	0	0	0	0	0	0	0	0	0	0	0	0	0	0	0	0	0
IN	P	74	INP74	14.43	164.96	IN	OLD	P	P	74	2	6	1	0	1	0	0	0	0	0	12	1	1	0	0	0	0	0	0	0	0	0	0	0	0	0	0	0	0	0	0	0	0	0	0	0	0
IN	P	75	INP75	10.5	165.66	IN	OLD	P	P	75	3	1	0	0	0	1	1	0	0	0	1	0	0	0	0	0	0	0	0	2	0	0	0	0	0	0	0	0	1	0	0	0	0	0	0	0	0
IN	P	76	INP76	6.14	159.43	IN	OLD	P	P	76	10	4	1	0	0	0	0	0	0	0	9	0	0	1	0	0	0	0	0	1	0	0	0	1	1	0	0	0	1	0	0	0	0	0	0	0	0
IN	P	77	INP77	3.33	177.61	IN	OLD	P	P	77	5	1	0	0	0	0	0	0	0	0	20	0	0	0	0	0	0	0	0	0	0	0	0	0	0	0	0	0	1	0	0	0	0	0	0	0	0
IN	P	78	INP78	-3.08	180.2	IN	OLD	P	P	78	2	0	0	0	0	0	0	0	0	0	13	0	0	0	0	0	0	0	0	0	0	0	0	0	0	0	0	0	0	0	0	0	0	0	0	0	0
IN	P	79	INP79	-12.29	174.76	IN	OLD	P	P	79	4	2	0	0	0	0	0	0	0	0	17	0	0	0	0	0	0	0	0	0	0	0	0	0	0	0	0	0	0	0	0	0	0	0	0	0	0
IN	P	80	INP80	-29	186.46	IN	OLD	P	P	80	4	12	0	0	0	0	0	0	1	1	8	12	12	0	0	0	0	0	0	0	0	0	0	0	0	0	0	0	0	0	0	0	1	1	0	0	0
IN	R	1	INR1	55.89	162.22	IN	OLD	R	R	1	5	0	0	0	0	0	0	0	0	0	4	0	0	0	0	0	0	0	0	0	0	0	0	0	0	0	0	0	0	0	0	0	0	0	1	0	0
IN	R	2	INR2	55.37	165.17	IN	OLD	R	R	2	2	0	0	0	0	0	0	0	0	0	2	0	0	0	0	0	0	0	0	0	0	0	0	0	0	0	0	0	0	0	0	0	0	0	0	0	0
IN	R	3	INR3	55.34	166.18	IN	OLD	R	R	3	1	0	0	0	0	0	0	0	0	0	5	0	0	0	0	0	0	0	0	0	0	0	0	0	0	0	0	0	2	0	0	0	0	0	0	0	0
IN	R	4	INR4	52.12	165.34	IN	OLD	R	R	4	0	0	0	0	0	0	0	0	0	0	1	0	0	0	0	0	0	0	0	0	0	0	0	0	0	0	0	0	0	0	0	0	0	0	0	0	0
IN	R	5	INR5	59.54	162.86	IN	OLD	R	R	5	2	0	0	0	0	0	0	0	0	0	1	0	0	0	0	0	0	0	0	0	0	0	0	0	0	0	0	0	0	0	0	0	0	0	1	0	0
IN	R	6	INR6	56.62	143.3	IN	OLD	R	R	6	5	0	0	0	0	0	0	0	0	0	1	0	0	0	0	0	0	0	0	0	0	0	0	0	0	0	0	0	0	0	0	0	0	0	0	0	0
IN	R	7	INR7	50.89	141.63	IN	OLD	R	R	7	3	0	0	0	0	0	0	0	0	0	9	0	0	0	0	0	0	0	0	0	0	0	0	0	0	0	0	0	0	0	0	0	0	0	0	0	0
IN	R	8	INR8	47.96	140.9	IN	OLD	R	R	8	0	0	0	0	0	0	0	0	0	0	1	0	0	0	0	0	0	0	0	4	0	0	0	0	0	0	0	0	0	0	0	0	0	0	0	0	0
IN	R	9	INR9	56.26	139.98	IN	OLD	R	R	9	2	0	0	0	5	0	0	0	0	0	2	0	0	0	0	0	0	0	0	3	0	0	0	0	0	0	0	0	0	0	0	0	0	0	0	0	0
IN	R	10	INR10	56.24	136.93	IN	OLD	R	R	10	0	0	0	0	1	0	0	0	0	0	0	0	0	0	0	0	0	0	0	0	0	0	0	0	0	0	0	0	0	0	0	0	0	0	0	0	0
IN	R	11	INR11	-61.06	144.88	IN	OLD	R	R	11	3	0	0	0	0	0	0	2	0	0	3	0	0	0	0	0	0	0	0	0	0	0	0	0	0	0	0	0	0	0	0	0	0	0	0	0	0
IN	R	12	INR12	-62.86	147.64	IN	OLD	R	R	12	0	0	0	0	0	0	0	0	0	0	1	0	0	0	0	0	0	0	0	0	0	0	0	0	0	0	0	0	0	0	0	0	0	0	0	0	0
IN	R	13	INR13	-64.32	145.26	IN	OLD	R	R	13	3	0	2	0	0	0	0	0	0	0	0	0	0	0	0	0	0	0	0	0	0	0	0	0	0	0	0	0	0	0	0	0	0	0	0	0	0
IN	R	14	INR14	-65.91	141.86	IN	OLD	R	R	14	1	0	0	0	0	0	0	0	0	0	4	0	0	0	0	0	0	0	0	0	0	0	0	0	0	0	0	0	0	0	0	0	0	0	0	0	0
IN	R	15	INR15	-62.65	144.3	IN	OLD	R	R	15	2	2	0	0	0	0	0	1	0	0	0	0	0	0	0	0	0	0	0	0	0	0	0	0	0	0	0	0	0	0	0	0	0	0	0	0	0
IN	R	16	INR16	-44.89	5.2	IN	OLD	R	R	16	0	0	0	0	0	0	0	0	0	0	0	0	0	0	0	0	0	0	0	0	0	0	0	0	0	0	0	0	0	0	0	0	0	0	0	0	0
IN	R	17	INR17	-39.59	9.28	IN	OLD	R	R	17	2	0	0	0	0	0	0	0	0	0	0	0	0	2	0	0	0	0	0	0	0	0	0	0	0	0	0	0	1	0	0	0	0	0	0	0	0
IN	R	18	INR18	-37.28	9.9	IN	OLD	R	R	18	1	0	0	0	0	0	0	0	0	0	0	0	0	0	0	0	0	0	0	0	0	0	0	0	0	0	0	0	0	0	0	0	0	0	0	0	0
IN	R	19	INR19	-36.11	5.94	IN	OLD	R	R	19	8	0	5	0	4	0	0	3	0	0	0	0	0	3	0	0	0	0	0	1	0	0	0	0	0	1	0	0	4	0	0	0	0	0	0	0	0
IN	R	20	INR20	-42.37	3.83	IN	OLD	R	R	20	2	0	0	0	1	0	0	0	0	0	0	0	0	3	0	0	0	0	0	0	0	0	0	0	0	1	0	0	0	0	0	0	0	0	0	0	0
IN	R	21	INR21	-64.78	25.56	IN	OLD	R	R	21	8	0	5	0	0	0	0	0	0	0	0	0	0	1	0	0	0	0	0	0	0	0	0	0	0	0	0	0	0	0	0	0	0	0	0	0	0
IN	R	22	INR22	-68.73	27	IN	OLD	R	R	22	1	0	2	0	0	0	0	0	0	0	0	0	0	0	0	0	0	0	0	0	0	0	0	0	0	0	0	0	0	0	0	0	0	0	0	0	0
IN	R	23	INR23	-73.62	28.78	IN	OLD	R	R	23	0	0	0	0	0	0	0	0	0	0	0	0	0	0	0	0	0	0	0	0	0	0	0	0	0	0	0	0	0	0	0	0	0	0	0	0	0
IN	R	24	INR24	-81.7	25.94	IN	OLD	R	R	24	0	0	0	0	0	0	0	0	0	0	0	0	0	0	0	0	0	0	0	0	0	0	0	0	0	0	0	0	0	0	0	0	0	0	0	0	0
IN	R	25	INR25	-83.25	23.33	IN	OLD	R	R	25	1	0	0	0	1	0	0	0	0	0	2	0	0	0	0	0	0	0	0	4	0	0	0	0	0	2	0	0	0	0	0	0	0	0	0	0	0
IN	R	26	INR26	-65.59	65.31	IN	OLD	R	R	26	0	0	0	0	0	0	0	0	0	0	0	0	0	0	0	0	0	0	0	0	0	0	0	0	0	0	0	0	0	0	0	0	0	0	0	0	0
IN	R	27	INR27	-64.01	66.94	IN	OLD	R	R	27	0	0	0	0	0	0	0	0	0	0	0	0	0	0	0	0	0	0	0	0	0	0	0	0	0	0	0	0	0	0	0	0	0	0	0	0	0
IN	R	28	INR28	-68.78	71.31	IN	OLD	R	R	28	0	0	0	0	0	0	0	0	0	0	0	0	0	0	0	0	0	0	0	0	0	0	0	0	0	0	0	0	0	0	0	0	0	0	0	0	0
IN	R	29	INR29	-70.08	68.67	IN	OLD	R	R	29	0	0	1	0	0	0	0	0	0	0	1	0	0	0	0	0	0	0	0	0	0	0	0	0	0	0	0	0	0	0	0	0	0	0	0	0	0
IN	R	30	INR30	-72.63	66.64	IN	OLD	R	R	30	1	0	0	0	0	0	0	2	0	0	1	0	0	0	0	0	0	0	0	0	0	0	0	0	0	0	0	0	0	0	0	0	0	0	0	0	0
IN	R	31	INR31	-153.43	80.83	IN	OLD	R	R	31	0	0	0	0	0	0	0	0	0	0	7	2	2	0	0	0	0	0	0	12	0	0	0	0	0	0	0	0	0	0	0	0	0	0	0	0	0
IN	R	32	INR32	-148.36	76.93	IN	OLD	R	R	32	0	0	0	0	0	0	0	0	0	0	7	0	0	0	0	0	0	0	0	0	0	0	0	0	0	0	0	0	0	0	0	0	0	0	0	0	0
IN	R	33	INR33	-149.71	72.85	IN	OLD	R	R	33	0	0	0	0	0	0	0	0	0	0	2	0	0	0	0	0	0	0	0	0	0	0	0	0	0	0	0	0	0	0	0	0	0	0	0	0	0
IN	R	34	INR34	-146.68	69.14	IN	OLD	R	R	34	0	0	0	0	0	0	0	0	0	0	8	0	0	0	0	0	0	0	0	0	0	0	0	0	0	0	0	0	0	0	0	0	0	0	0	0	0
IN	R	35	INR35	-145.19	63.16	IN	OLD	R	R	35	1	0	0	0	0	0	0	0	0	0	3	0	0	0	0	0	0	0	0	0	0	0	0	0	0	1	0	0	0	0	0	1	0	0	0	0	0
IN	R	36	INR36	-138.98	60.19	IN	OLD	R	R	36	0	0	0	0	0	0	0	0	0	0	5	0	0	0	0	0	0	0	0	0	0	0	0	0	0	0	0	0	0	0	0	0	0	0	0	0	0
IN	R	37	INR37	-134.54	58.31	IN	OLD	R	R	37	0	0	0	0	0	0	0	0	0	0	3	0	0	0	0	0	0	0	0	0	0	0	0	0	0	0	0	0	0	0	0	0	0	0	0	0	0
IN	R	38	INR38	-134.91	54.37	IN	OLD	R	R	38	0	0	0	0	0	0	0	0	0	0	6	0	0	0	0	0	0	0	0	0	0	0	0	0	0	0	0	0	0	0	0	0	0	0	0	0	0
IN	R	39	INR39	-134.13	47.4	IN	OLD	R	R	39	0	0	0	0	0	0	0	0	0	0	0	0	0	0	0	0	0	0	0	0	0	0	0	0	0	0	0	0	0	0	0	0	0	0	0	0	0
IN	R	40	INR40	-131.43	42.73	IN	OLD	R	R	40	0	0	8	0	0	0	0	0	0	0	0	0	0	0	0	0	0	0	0	0	0	0	0	0	0	16	0	0	0	0	0	0	0	0	0	0	0
IN	R	41	INR41	1.33	171.62	IN	OLD	R	R	41	0	0	0	0	0	0	0	0	0	0	1	0	0	0	0	0	0	0	0	0	0	0	0	0	0	0	0	0	0	0	0	0	0	0	0	0	0
IN	R	42	INR42	-1.8	172.25	IN	OLD	R	R	42	1	0	1	0	0	0	0	0	0	0	3	0	0	0	0	0	0	0	0	0	0	0	0	0	0	0	0	0	1	0	0	0	0	0	0	0	0
IN	R	43	INR43	-5.77	174.05	IN	OLD	R	R	43	0	0	0	0	0	0	0	0	0	0	3	0	0	0	0	0	0	0	0	0	0	0	0	0	0	0	0	0	0	0	0	0	0	0	0	0	0
IN	R	44	INR44	-8.53	170.76	IN	OLD	R	R	44	2	0	1	0	0	0	0	0	0	0	1	0	0	0	0	0	0	0	0	0	0	0	0	0	0	0	0	0	0	0	0	0	0	0	0	0	0
IN	R	45	INR45	-11.79	167.5	IN	OLD	R	R	45	2	8	0	0	0	0	0	0	0	0	1	0	0	0	0	0	1	0	0	0	0	0	0	0	0	0	0	0	1	0	0	0	0	0	0	0	0
IN	S	1	INS1	61.6	163.22	IN	OLD	S	S	1	0	0	0	0	0	0	0	0	0	0	2	0	0	0	0	0	0	0	0	0	0	0	0	0	0	0	0	0	0	0	0	0	0	0	0	0	0
IN	S	2	INS2	61.47	179.82	IN	OLD	S	S	2	0	0	0	0	0	0	0	0	0	0	0	0	0	0	0	0	0	0	0	0	0	0	0	0	0	0	0	0	0	0	0	0	0	0	0	0	0
IN	S	3	INS3	73.62	165.34	IN	OLD	S	S	3	0	0	0	0	0	0	0	0	0	0	2	0	0	0	0	0	0	0	0	0	0	0	0	0	0	0	0	0	0	0	0	1	0	0	0	0	0
IN	S	4	INS4	69.17	190.55	IN	OLD	S	S	4	0	0	0	0	0	0	0	0	0	0	1	0	0	0	0	0	0	0	0	0	0	0	0	0	0	0	0	0	0	0	0	0	0	0	0	0	0
IN	S	5	INS5	59.84	203.21	IN	OLD	S	S	5	3	0	0	0	0	0	0	0	0	0	0	0	0	0	0	0	0	0	0	0	0	0	0	0	0	0	0	0	0	0	0	0	0	0	0	0	0
IN	S	6	INS6	4.5	235.16	IN	OLD	S	S	6	0	0	0	0	0	0	0	0	0	0	5	0	0	0	0	0	0	0	0	0	0	0	0	0	0	0	0	0	0	0	0	0	0	0	0	0	0
IN	S	7	INS7	13.53	232.98	IN	OLD	S	S	7	0	0	0	0	0	0	0	0	0	0	1	0	0	0	0	0	0	0	0	0	0	0	0	0	0	0	0	0	0	0	0	0	0	0	0	0	0
IN	S	8	INS8	20.04	230.96	IN	OLD	S	S	8	0	0	0	0	0	0	0	0	0	0	4	0	0	0	0	0	0	0	0	0	0	0	0	0	0	0	0	0	0	0	0	0	0	0	0	0	0
IN	S	9	INS9	32.29	218.45	IN	OLD	S	S	9	0	0	0	0	0	0	0	0	0	0	5	0	0	0	0	0	0	0	0	0	0	0	0	0	0	0	0	0	0	0	0	0	0	0	0	0	0
IN	S	10	INS10	38.27	215.66	IN	OLD	S	S	10	0	0	0	0	0	0	0	0	0	0	1	0	0	0	0	0	0	0	0	0	0	0	0	0	0	0	0	0	3	0	0	0	0	0	0	0	0
IN	S	11	INS11	64.45	153.17	IN	OLD	S	S	11	2	0	0	0	0	0	0	0	0	0	9	0	0	0	0	0	0	0	0	0	0	0	0	0	0	0	0	0	0	0	0	0	0	0	0	0	0
IN	S	12	INS12	49.4	119.42	IN	OLD	S	S	12	0	0	0	0	0	0	0	0	0	0	2	0	0	0	0	0	0	0	0	0	0	0	0	0	0	0	0	0	0	0	0	0	0	0	0	0	0
IN	S	13	INS13	41.48	101.58	IN	OLD	S	S	13	0	0	0	0	0	0	0	0	0	0	1	0	0	0	0	0	0	0	0	0	0	0	0	0	0	0	0	0	0	0	0	0	0	0	0	0	0
IN	S	14	INS14	18.37	60.51	IN	OLD	S	S	14	0	0	0	0	0	0	0	0	0	0	2	0	0	0	0	0	0	0	0	0	0	0	0	0	0	0	0	0	0	0	0	0	0	0	0	0	0
IN	S	15	INS15	-11.69	17.79	IN	OLD	S	S	15	4	0	0	0	0	0	0	0	0	0	0	0	0	4	0	0	0	0	0	0	0	0	0	0	0	0	0	0	0	0	0	0	0	0	0	0	0
IN	S	16	INS16	-22.45	181.87	IN	OLD	S	S	16	0	0	0	0	0	0	0	0	0	0	6	0	0	0	0	0	0	0	0	0	0	0	0	0	0	0	0	0	0	0	0	0	0	0	0	0	0
IN	S	17	INS17	-20.34	187.99	IN	OLD	S	S	17	0	0	0	0	0	0	0	0	0	0	7	0	0	0	0	0	0	0	0	0	0	0	0	0	0	0	0	0	0	0	0	0	0	0	0	0	0
IN	S	18	INS18	-34.1	195.3	IN	OLD	S	S	18	0	0	0	0	0	0	0	0	0	0	6	0	0	0	0	0	0	0	0	0	0	0	0	0	0	0	0	0	0	0	0	0	0	0	0	0	0
IN	S	19	INS19	-37.93	189.71	IN	OLD	S	S	19	0	0	0	0	0	0	0	0	0	0	9	0	0	0	0	0	0	0	0	0	0	0	0	0	0	0	0	0	0	0	0	0	0	0	0	0	0
IN	S	20	INS20	-33.6	183.89	IN	OLD	S	S	20	0	0	0	0	0	0	0	0	0	0	6	0	0	0	0	0	0	0	0	0	0	0	0	0	0	0	0	0	0	0	0	0	0	0	0	0	0
IN	S	21	INS21	-126.72	113.39	IN	OLD	S	S	21	0	0	0	0	0	0	0	0	0	0	4	0	0	0	0	0	0	0	0	0	0	0	0	0	0	0	0	0	0	0	0	0	0	0	0	0	0
IN	S	22	INS22	-121.52	122.4	IN	OLD	S	S	22	0	0	0	0	0	0	0	0	0	0	1	0	0	0	0	0	0	0	0	0	0	0	0	0	0	0	0	0	0	0	0	0	0	0	0	0	0
IN	S	23	INS23	-119.72	125.51	IN	OLD	S	S	23	0	0	0	0	0	0	0	0	0	0	2	0	0	0	0	0	0	0	0	0	0	0	0	0	0	0	0	0	0	0	0	0	0	0	0	0	0
IN	S	24	INS24	-105.19	131.66	IN	OLD	S	S	24	0	0	0	0	0	0	0	0	0	0	4	0	0	0	0	0	0	0	0	0	0	0	0	0	0	0	0	0	0	0	0	2	0	0	0	0	0
IN	S	25	INS25	-47.9	186.46	IN	OLD	S	S	25	0	0	0	0	0	0	0	0	0	0	7	0	0	0	0	0	0	0	0	0	0	0	0	0	0	0	0	0	0	0	0	0	0	0	0	0	0
IN	S	26	INS26	-59.07	175.52	IN	OLD	S	S	26	0	0	0	0	0	0	0	0	0	0	2	0	0	0	0	0	0	0	0	0	0	0	0	0	0	0	0	0	0	0	0	0	0	0	0	0	0
IN	S	27	INS27	-62.49	159.37	IN	OLD	S	S	27	0	0	0	0	0	0	0	0	0	0	2	0	0	0	0	0	0	0	0	0	0	0	0	0	0	0	0	0	0	0	0	0	0	0	0	0	0
IN	S	28	INS28	-63.07	146.29	IN	OLD	S	S	28	0	0	0	0	0	0	0	0	0	0	6	0	0	0	0	0	0	0	0	0	0	0	0	0	0	0	0	0	0	0	0	0	0	0	0	0	0
IN	S	29	INS29	-99.03	135.37	IN	OLD	S	S	29	0	0	0	0	0	0	0	0	0	0	10	0	0	0	0	0	0	0	0	0	0	0	0	0	0	0	0	0	0	0	0	1	0	0	0	0	0
IN	S	30	INS30	-82.28	137.3	IN	OLD	S	S	30	0	0	0	0	0	0	0	0	0	0	6	0	0	0	0	0	0	0	0	0	0	0	0	0	0	0	0	0	0	0	0	0	0	0	0	0	0
IN	S	31	INS31	-73.7	173.94	IN	OLD	S	S	31	0	0	0	0	0	0	0	0	0	0	5	0	0	0	0	0	0	0	0	0	0	0	0	0	0	0	0	0	0	0	0	0	0	0	0	0	0
IN	S	32	INS32	-81.71	175.23	IN	OLD	S	S	32	0	0	0	0	0	0	0	0	0	0	32	0	0	0	0	0	0	0	0	0	0	0	0	0	0	0	0	0	0	0	0	0	0	0	0	0	0
IN	S	33	INS33	-100.78	181.99	IN	OLD	S	S	33	0	0	0	0	0	0	0	0	0	0	2	0	0	0	0	0	0	0	0	0	0	0	0	0	0	0	0	0	0	0	0	0	0	0	0	0	0
IN	S	34	INS34	-106.45	190.95	IN	OLD	S	S	34	4	0	2	0	0	0	0	0	0	0	2	0	0	0	0	0	0	0	0	0	0	0	0	0	0	0	0	0	0	0	0	0	0	0	0	0	0
IN	S	35	INS35	-118.26	201.78	IN	OLD	S	S	35	0	0	0	0	0	0	0	0	0	0	2	0	0	1	0	0	0	0	0	0	0	0	0	0	0	0	0	0	0	0	0	0	0	0	0	0	0
IN	S	36	INS36	-122.72	187.87	IN	OLD	S	S	36	0	0	0	0	0	0	0	0	0	0	2	0	0	0	0	0	0	0	0	0	0	0	0	0	0	0	0	0	0	0	0	0	0	0	0	0	0
IN	S	37	INS37	-121.86	176.31	IN	OLD	S	S	37	0	0	0	0	0	0	0	0	0	0	10	0	0	0	0	0	0	0	0	0	0	0	0	0	0	0	0	0	0	0	0	0	0	0	0	0	0
IN	S	38	INS38	-120.65	157.17	IN	OLD	S	S	38	0	0	0	0	0	0	0	0	0	0	10	0	0	0	0	0	0	0	0	0	0	0	0	0	0	0	0	0	0	0	0	0	0	0	0	0	0
IN	S	39	INS39	-109.58	159.43	IN	OLD	S	S	39	0	0	0	0	0	0	0	0	0	0	19	0	0	0	0	0	0	0	0	0	1	1	0	0	0	0	0	0	0	0	0	0	0	0	0	0	0
IN	S	40	INS40	-102.19	165.95	IN	OLD	S	S	40	0	0	0	0	2	0	0	0	0	0	14	9	9	0	0	0	0	0	0	0	0	0	0	0	0	0	0	0	0	0	0	0	0	0	0	0	0
IN	Poste esq. N		INPoste esq. N	65.12	451.03	IN	Poste esq. N																																								
IN	Poste esq. S		INPoste esq. S	0	0	IN	Poste esq. S																																								